 Voltage, WL1, WL2, WL3, WL4, WL5, NTC, EC, Time, Percentage
 5, 1023, 1023, 1023, 1023, 1023 
 10, 1023, 1022, 1023, 1023, 1023 
 15, 1022, 1023, 1023, 1023, 1023 
 20, 1023, 1023, 1023, 1023, 1023 
 25, 1023, 1023, 1023, 1023, 1023 
 30, 1023, 1023, 1023, 1023, 1023 
 35, 1023, 1023, 1023, 1023, 1023 
 40, 1023, 1023, 1023, 1023, 1023 
 45, 1023, 1021, 1023, 1023, 1023 
 50, 1023, 1023, 1023, 1023, 1023 
 55, 1023, 1023, 1023, 1023, 1023 
 60, 1023, 1023, 1023, 1023, 1023 
 65, 1023, 1023, 1023, 1023, 1023 
 70, 1023, 1023, 1023, 1023, 1023 
 75, 1023, 1023, 1023, 1023, 1023 
 80, 1023, 1023, 1023, 1023, 1023 
 85, 1023, 1023, 1023, 1023, 1023 
 90, 1023, 1023, 1023, 1023, 1023 
 95, 1023, 1023, 1023, 1023, 1023 
 100, 1023, 1023, 1023, 1023, 1023 
 105, 1023, 1023, 1022, 1023, 1023 
 110, 1023, 1023, 1023, 1023, 1023 
 115, 1023, 1023, 1023, 1022, 1023 
 120, 1023, 1023, 1023, 1023, 1023 
 125, 1023, 1023, 1023, 1023, 1023 
 130, 1023, 1023, 1023, 1023, 1023 
 135, 1023, 1023, 1023, 1023, 1023 
 140, 1023, 1023, 1023, 1023, 1023 
 145, 1023, 1023, 1023, 1023, 1023 
 150, 1023, 1023, 1023, 1023, 1023 
 155, 1023, 1022, 1023, 1023, 1023 
 160, 1023, 1023, 1023, 1023, 1023 
 165, 1023, 1022, 1023, 1023, 1023 
 170, 1023, 1023, 1023, 1023, 1023 
 175, 1023, 1023, 1023, 1023, 1023 
 180, 1021, 1022, 1023, 1023, 1023 
 185, 1023, 1023, 1023, 1023, 1023 
 190, 1021, 1023, 1023, 1023, 1023 
 195, 1023, 1023, 1023, 1023, 1023 
 200, 1023, 1023, 1023, 1023, 1023 
 205, 1023, 1023, 1023, 1023, 1023 
 210, 1023, 1023, 1023, 1023, 1023 
 215, 1022, 1023, 1023, 1023, 1023 
 220, 1023, 1023, 1023, 1023, 1023 
 225, 1023, 1023, 1023, 1023, 1023 
 230, 1023, 1023, 1023, 1023, 1023 
 235, 1023, 1023, 1023, 1023, 1023 
 240, 1022, 1023, 1023, 1023, 1023 
 245, 1023, 1023, 1023, 1023, 1023 
 250, 1023, 1023, 1023, 1023, 1023 
 255, 1023, 1023, 1023, 1023, 1023 
 260, 1023, 1023, 1023, 1023, 1023 
 265, 1023, 1022, 1022, 1023, 1023 
 270, 1023, 1023, 1023, 1023, 1023 
 275, 1023, 1023, 1023, 1023, 1023 
 280, 1023, 1023, 1023, 1023, 1023 
 285, 1023, 1023, 1023, 1023, 1023 
 290, 1023, 1023, 1023, 1023, 1023 
 295, 1023, 1023, 1023, 1023, 1023 
 300, 1023, 1023, 1023, 1023, 1023, 85, 1023 
 305, 1022, 1023, 1023, 1023, 1023 
 310, 1023, 1023, 1023, 1023, 1023 
 315, 1023, 1023, 1023, 1023, 1023 
 320, 1023, 1023, 1023, 1023, 1023 
 325, 1023, 1023, 1023, 1023, 1023 
 330, 1023, 1023, 1023, 1023, 1023 
 335, 1023, 1022, 1022, 1022, 1023 
 340, 1023, 1023, 1023, 1023, 1023 
 345, 1023, 1023, 1023, 1023, 1023 
 350, 1022, 1023, 1022, 1023, 1023 
 355, 1023, 1023, 1023, 1023, 1023 
 360, 1023, 1023, 1023, 1023, 1023 
 365, 1023, 1023, 1023, 1023, 1023 
 370, 1021, 1023, 1023, 1023, 1023 
 375, 1023, 1023, 1023, 1023, 1023 
 380, 1023, 1023, 1023, 1023, 1023 
 385, 1023, 1023, 1023, 1023, 1023 
 390, 1023, 1023, 1023, 1023, 1023 
 395, 1023, 1023, 1023, 1023, 1023 
 400, 1023, 1023, 1023, 1023, 1023 
 405, 1023, 1023, 1023, 1023, 1023 
 410, 1023, 1023, 1023, 1023, 1023 
 415, 1023, 1023, 1023, 1022, 1023 
 420, 1023, 1023, 1023, 1023, 1023 
 425, 1023, 1023, 1023, 1023, 1023 
 430, 1023, 1023, 1023, 1023, 1023 
 435, 1023, 1023, 1023, 1023, 1023 
 440, 1022, 1023, 1023, 1023, 1023 
 445, 1023, 1023, 1023, 1023, 1023 
 450, 1023, 1023, 1023, 1023, 1023 
 455, 1023, 1023, 1023, 1023, 1023 
 460, 1023, 1023, 1023, 1023, 1023 
 465, 1023, 1023, 1023, 1023, 1023 
 470, 1023, 1023, 1023, 1023, 1023 
 475, 1023, 1023, 1023, 1023, 1023 
 480, 1022, 1022, 1023, 1023, 1023 
 485, 1023, 1023, 1023, 1023, 1023 
 490, 1023, 1023, 1023, 1022, 1023 
 495, 1023, 1023, 1023, 1023, 1023 
 500, 1023, 1023, 1023, 1023, 1023 
 505, 1023, 1023, 1023, 1023, 1023 
 510, 1023, 1023, 1023, 1023, 1023 
 515, 1023, 1023, 1023, 1023, 1023 
 520, 1023, 1023, 1023, 1023, 1023 
 525, 1023, 1023, 1023, 1023, 1023 
 530, 1023, 1023, 1023, 1023, 1023 
 535, 1023, 1023, 1023, 1023, 1023 
 540, 1023, 1023, 1023, 1023, 1023 
 545, 1023, 1023, 1023, 1023, 1023 
 550, 1022, 1023, 1023, 1023, 1023 
 555, 1023, 1023, 1023, 1023, 1023 
 560, 1023, 1023, 1023, 1023, 1023 
 565, 1023, 1023, 1023, 1023, 1023 
 570, 1023, 1023, 1023, 1023, 1023 
 575, 1023, 1023, 1023, 1023, 1023 
 580, 1023, 1023, 1023, 1023, 1023 
 585, 1023, 1023, 1023, 1023, 1023 
 590, 1023, 1023, 1023, 1023, 1023 
 595, 1023, 1023, 1023, 1023, 1023 
 600, 1023, 1023, 1023, 1023, 1023, 85, 1022 
 605, 1023, 1022, 1023, 1023, 1023 
 610, 1023, 1023, 1023, 1023, 1023 
 615, 1023, 1023, 1023, 1023, 1023 
 620, 1023, 1023, 1023, 1023, 1023 
 625, 1023, 1023, 1023, 1023, 1023 
 630, 1023, 1023, 1023, 1023, 1023 
 635, 1023, 1022, 1023, 1022, 1023 
 640, 1023, 1023, 1023, 1023, 1023 
 645, 1023, 1023, 1023, 1023, 1023 
 650, 1022, 1022, 1023, 1023, 1023 
 655, 1023, 1023, 1023, 1023, 1023 
 660, 1023, 1023, 1023, 1023, 1023 
 665, 1023, 1023, 1023, 1023, 1023 
 670, 1023, 1023, 1023, 1023, 1023 
 675, 1023, 1023, 1023, 1023, 1023 
 680, 1023, 1023, 1023, 1023, 1023 
 685, 1023, 1023, 1023, 1023, 1023 
 690, 1023, 1023, 1023, 1023, 1023 
 695, 1023, 1022, 1023, 1023, 1023 
 700, 1023, 1023, 1023, 1023, 1023 
 705, 1023, 1023, 1023, 1023, 1023 
 710, 1023, 1023, 1023, 1023, 1023 
 715, 1023, 1023, 1023, 1023, 1023 
 720, 1023, 1023, 1023, 1023, 1023 
 725, 1023, 1023, 1023, 1023, 1023 
 730, 1023, 1023, 1023, 1023, 1023 
 735, 1023, 1023, 1023, 1023, 1023 
 740, 1023, 1022, 1023, 1023, 1023 
 745, 1023, 1023, 1023, 1023, 1023 
 750, 1021, 1023, 1023, 1023, 1023 
 755, 1023, 1023, 1023, 1023, 1023 
 760, 1023, 1023, 1023, 1023, 1023 
 765, 1023, 1023, 1023, 1023, 1023 
 770, 1023, 1023, 1023, 1023, 1023 
 775, 1023, 1023, 1023, 1023, 1023 
 780, 1023, 1023, 1023, 1023, 1023 
 785, 1023, 1023, 1023, 1023, 1023 
 790, 1023, 1023, 1023, 1023, 1023 
 795, 1023, 1023, 1023, 1023, 1023 
 800, 1023, 1023, 1023, 1023, 1023 
 805, 1023, 1023, 1023, 1022, 1023 
 810, 1023, 1023, 1023, 1023, 1023 
 815, 1023, 1023, 1023, 1023, 1023 
 820, 1022, 1023, 1023, 1023, 1023 
 825, 1023, 1023, 1023, 1023, 1023 
 830, 1023, 1023, 1023, 1023, 1023 
 835, 1023, 1023, 1023, 1023, 1023 
 840, 1023, 1023, 1023, 1023, 1023 
 845, 1023, 1023, 1023, 1023, 1023 
 850, 1023, 1022, 1023, 1023, 1023 
 855, 1023, 1023, 1023, 1023, 1023 
 860, 1021, 1023, 1023, 1023, 1023 
 865, 1023, 1023, 1023, 1023, 1023 
 870, 1023, 1023, 1023, 1023, 1023 
 875, 1023, 1023, 1023, 1023, 1023 
 880, 1023, 1023, 1023, 1023, 1023 
 885, 1023, 1023, 1023, 1023, 1022 
 890, 1023, 1022, 1023, 1023, 1023 
 895, 1023, 1023, 1022, 1023, 1023 
 3605, 1023, 1023, 1023, 1023, 1023, 85, 1022 
 3610, 1023, 1023, 1023, 1023, 1023 
 3615, 1023, 1023, 1023, 1023, 1023 
 3620, 1023, 1023, 1023, 1023, 1023 
 3625, 1023, 1023, 1023, 1023, 1023 
 3630, 1023, 1023, 1023, 1023, 1023 
 3635, 1023, 1023, 1023, 1023, 1023 
 3640, 1023, 1023, 1023, 1023, 1023 
 3645, 1023, 1023, 1023, 1023, 1023 
 3650, 1023, 1023, 1022, 1023, 1023 
 3655, 1023, 1023, 1023, 1023, 1023 
 3660, 1022, 1023, 1023, 1023, 1023 
 3665, 1023, 1023, 1023, 1023, 1023 
 3670, 1023, 1023, 1023, 1023, 1022 
 3675, 1023, 1023, 1023, 1022, 1023 
 3680, 1023, 1023, 1023, 1023, 1023 
 3685, 1023, 1022, 1023, 1023, 1023 
 3690, 1023, 1023, 1023, 1023, 1023 
 3695, 1023, 1023, 1023, 1023, 1023 
 3700, 1023, 1023, 1023, 1023, 1023 
 3705, 1023, 1023, 1023, 1023, 1023 
 3710, 1023, 1023, 1023, 1022, 1023 
 3715, 1023, 1023, 1022, 1023, 1023 
 3720, 1023, 1023, 1023, 1023, 1023 
 3725, 1023, 1023, 1023, 1023, 1023 
 3730, 1023, 1023, 1023, 1023, 1023 
 3735, 1023, 1023, 1023, 1023, 1023 
 3740, 1023, 1023, 1023, 1023, 1023 
 3745, 1023, 1023, 1023, 1023, 1023 
 3750, 1023, 1023, 1023, 1023, 1023 
 3755, 1023, 1023, 1023, 1023, 1023 
 3760, 1023, 1023, 1023, 1023, 1023 
 3765, 1023, 1023, 1023, 1023, 1023 
 3770, 1023, 1023, 1023, 1023, 1023 
 3775, 1023, 1023, 1023, 1023, 1023 
 3780, 1023, 1023, 1023, 1023, 1023 
 3785, 1023, 1023, 1023, 1023, 1023 
 3790, 1023, 1023, 1023, 1023, 1023 
 3795, 1023, 1023, 1023, 1023, 1023 
 3800, 1023, 1023, 1023, 1023, 1023 
 3805, 1023, 1023, 1023, 1023, 1023 
 3810, 1023, 1023, 1023, 1023, 1023 
 3815, 1023, 1023, 1023, 1023, 1023 
 3820, 1023, 1023, 1023, 1023, 1023 
 3825, 1023, 1023, 1023, 1023, 1023 
 3830, 1023, 1023, 1023, 1023, 1023 
 3835, 1023, 1023, 1023, 1023, 1023 
 3840, 1023, 1023, 1023, 1023, 1023 
 3845, 1023, 1023, 1023, 1023, 1023 
 3850, 1023, 1023, 1023, 1023, 1023 
 3855, 1021, 1023, 1023, 1023, 1023 
 3860, 1023, 1023, 1023, 1023, 1023 
 3865, 1023, 1023, 1023, 1023, 1023 
 3870, 1023, 1023, 1023, 1023, 1023 
 3875, 1023, 1022, 1023, 1023, 1023 
 3880, 1023, 1023, 1023, 1022, 1023 
 3885, 1023, 1023, 1023, 1023, 1023 
 3890, 1022, 1023, 1023, 1023, 1023 
 3895, 1023, 1023, 1023, 1023, 1023 
 3900, 1023, 1023, 1023, 1023, 1023, 84, 1023 
 3905, 1023, 1023, 1023, 1023, 1023 
 3910, 1023, 1021, 1023, 1023, 1023 
 3915, 1023, 1023, 1023, 1023, 1023 
 3920, 1023, 1023, 1023, 1023, 1023 
 3925, 1023, 1023, 1023, 1023, 1023 
 3930, 1023, 1023, 1023, 1023, 1023 
 3935, 1023, 1023, 1023, 1023, 1023 
 3940, 1023, 1023, 1023, 1023, 1023 
 3945, 1023, 1023, 1023, 1023, 1023 
 3950, 1023, 1023, 1023, 1023, 1023 
 3955, 1023, 1023, 1023, 1023, 1023 
 3960, 1023, 1023, 1023, 1023, 1023 
 3965, 1023, 1023, 1023, 1023, 1023 
 3970, 1023, 1023, 1023, 1023, 1023 
 3975, 1023, 1023, 1023, 1023, 1023 
 3980, 1023, 1023, 1023, 1023, 1023 
 3985, 1023, 1023, 1023, 1023, 1023 
 3990, 1023, 1023, 1023, 1023, 1023 
 3995, 1023, 1022, 1023, 1023, 1023 
 4000, 1023, 1022, 1023, 1023, 1023 
 4005, 1023, 1023, 1023, 1023, 1023 
 4010, 1023, 1023, 1023, 1023, 1023 
 4015, 1023, 1022, 1023, 1023, 1023 
 4020, 1023, 1023, 1023, 1023, 1023 
 4025, 1023, 1023, 1023, 1023, 1023 
 4030, 1023, 1023, 1023, 1023, 1023 
 4035, 1023, 1023, 1023, 1023, 1023 
 4040, 1023, 1023, 1023, 1023, 1023 
 4045, 1023, 1023, 1023, 1023, 1023 
 4050, 1023, 1023, 1023, 1023, 1023 
 4055, 1023, 1023, 1023, 1023, 1023 
 4060, 1023, 1023, 1023, 1023, 1023 
 4065, 1023, 1023, 1022, 1023, 1023 
 4070, 1023, 1023, 1023, 1023, 1023 
 4075, 1023, 1023, 1023, 1023, 1023 
 4080, 1023, 1023, 1023, 1023, 1023 
 4085, 1023, 1023, 1023, 1023, 1023 
 4090, 1023, 1023, 1023, 1023, 1023 
 4095, 1023, 1023, 1023, 1023, 1023 
 4100, 1023, 1023, 1023, 1023, 1023 
 4105, 1023, 1023, 1023, 1023, 1023 
 4110, 1023, 1023, 1023, 1023, 1023 
 4115, 1023, 1023, 1023, 1022, 1023 
 4120, 1023, 1023, 1023, 1023, 1023 
 4125, 1023, 1023, 1023, 1023, 1023 
 4130, 1023, 1023, 1023, 1023, 1023 
 4135, 1023, 1023, 1022, 1023, 1023 
 4140, 1023, 1023, 1023, 1023, 1023 
 4145, 1023, 1023, 1023, 1023, 1023 
 4150, 1023, 1023, 1023, 1023, 1023 
 4155, 1023, 1023, 1023, 1023, 1023 
 4160, 1023, 1023, 1023, 1023, 1023 
 4165, 1023, 1023, 1023, 1023, 1023 
 4170, 1023, 1023, 1023, 1023, 1023 
 4175, 1023, 1023, 1023, 1023, 1023 
 4180, 1023, 1023, 1023, 1023, 1023 
 4185, 1023, 1023, 1023, 1023, 1023 
 4190, 1023, 1023, 1023, 1023, 1023 
 4195, 1023, 1023, 1023, 1023, 1023 
 4200, 1023, 1023, 1023, 1023, 1023, 86, 1023 
 4205, 1023, 1023, 1023, 1023, 1023 
 4210, 1021, 1023, 1023, 1023, 1023 
 4215, 1023, 1023, 1023, 1023, 1023 
 4220, 1023, 1023, 1023, 1023, 1023 
 4225, 1023, 1023, 1023, 1023, 1023 
 4230, 1023, 1023, 1023, 1023, 1023 
 4235, 1023, 1023, 1023, 1023, 1023 
 4240, 1023, 1023, 1023, 1023, 1023 
 4245, 1023, 1023, 1023, 1023, 1023 
 4250, 1023, 1023, 1023, 1023, 1023 
 4255, 1023, 1023, 1023, 1023, 1023 
 4260, 1023, 1023, 1023, 1023, 1022 
 4265, 1023, 1023, 1023, 1023, 1023 
 4270, 1023, 1023, 1023, 1022, 1023 
 4275, 1023, 1023, 1023, 1023, 1023 
 4280, 1023, 1023, 1023, 1023, 1023 
 4285, 1023, 1023, 1023, 1023, 1023 
 4290, 1023, 1023, 1023, 1023, 1023 
 4295, 1023, 1023, 1023, 1023, 1023 
 4300, 1023, 1023, 1023, 1023, 1023 
 4305, 1023, 1023, 1023, 1023, 1023 
 4310, 1023, 1023, 1023, 1023, 1023 
 4315, 1022, 1023, 1023, 1023, 1023 
 4320, 1023, 1023, 1023, 1023, 1023 
 4325, 1023, 1023, 1023, 1023, 1023 
 4330, 1023, 1023, 1023, 1023, 1023 
 4335, 1023, 1023, 1022, 1023, 1023 
 4340, 1023, 1023, 1023, 1023, 1023 
 4345, 1023, 1023, 1023, 1023, 1023 
 4350, 1023, 1023, 1023, 1023, 1023 
 4355, 1023, 1023, 1023, 1023, 1023 
 4360, 1023, 1023, 1023, 1023, 1023 
 4365, 1023, 1023, 1023, 1022, 1023 
 4370, 1023, 1023, 1023, 1023, 1023 
 4375, 1023, 1023, 1023, 1023, 1023 
 4380, 1023, 1023, 1023, 1023, 1023 
 4385, 1023, 1023, 1023, 1023, 1023 
 4390, 1023, 1023, 1023, 1023, 1023 
 4395, 1023, 1023, 1023, 1023, 1023 
 4400, 1023, 1023, 1023, 1023, 1023 
 4405, 1023, 1023, 1023, 1023, 1023 
 4410, 1023, 1021, 1023, 1023, 1023 
 4415, 1023, 1023, 1023, 1022, 1023 
 4420, 1023, 1023, 1023, 1023, 1023 
 4425, 1023, 1023, 1023, 1023, 1023 
 4430, 1023, 1023, 1023, 1023, 1023 
 4435, 1023, 1023, 1023, 1023, 1023 
 4440, 1023, 1023, 1023, 1023, 1023 
 4445, 1023, 1023, 1023, 1023, 1023 
 4450, 1023, 1023, 1023, 1023, 1023 
 4455, 1023, 1023, 1023, 1023, 1023 
 4460, 1023, 1023, 1023, 1023, 1023 
 4465, 1022, 1023, 1023, 1023, 1023 
 4470, 1023, 1023, 1023, 1023, 1023 
 4475, 1023, 1023, 1023, 1023, 1023 
 4480, 1023, 1022, 1023, 1023, 1023 
 4485, 1023, 1023, 1023, 1023, 1023 
 4490, 1023, 1023, 1023, 1023, 1023 
 4495, 1023, 1023, 1023, 1023, 1023 
 7205, 1023, 1023, 1023, 1023, 1023, 85, 1023 
 7210, 1023, 1023, 1023, 1023, 1023 
 7215, 1023, 1023, 1023, 1023, 1023 
 7220, 1023, 1023, 1023, 1023, 1023 
 7225, 1023, 1023, 1023, 1023, 1023 
 7230, 1023, 1023, 1023, 1023, 1023 
 7235, 1022, 1023, 1023, 1023, 1023 
 7240, 1023, 1023, 1023, 1023, 1023 
 7245, 1023, 1023, 1023, 1023, 1023 
 7250, 1023, 1023, 1023, 1023, 1023 
 7255, 1023, 1023, 1023, 1022, 1023 
 7260, 1023, 1023, 1023, 1023, 1023 
 7265, 1023, 1023, 1023, 1023, 1023 
 7270, 1023, 1023, 1023, 1023, 1023 
 7275, 1023, 1023, 1023, 1023, 1023 
 7280, 1023, 1023, 1023, 1023, 1023 
 7285, 1023, 1023, 1023, 1023, 1023 
 7290, 1023, 1023, 1023, 1023, 1023 
 7295, 1023, 1022, 1023, 1023, 1023 
 7300, 1023, 1023, 1023, 1023, 1023 
 7305, 1023, 1023, 1023, 1022, 1023 
 7310, 1023, 1022, 1023, 1023, 1023 
 7315, 1023, 1023, 1023, 1023, 1023 
 7320, 1023, 1023, 1023, 1023, 1023 
 7325, 1023, 1023, 1023, 1023, 1023 
 7330, 1022, 1023, 1023, 1023, 1023 
 7335, 1023, 1023, 1023, 1023, 1023 
 7340, 1021, 1023, 1023, 1023, 1023 
 7345, 1023, 1022, 1023, 1023, 1023 
 7350, 1023, 1023, 1023, 1023, 1023 
 7355, 1023, 1023, 1023, 1023, 1023 
 7360, 1023, 1023, 1023, 1023, 1023 
 7365, 1023, 1023, 1023, 1023, 1023 
 7370, 1023, 1023, 1023, 1023, 1023 
 7375, 1023, 1023, 1023, 1023, 1023 
 7380, 1023, 1023, 1023, 1023, 1023 
 7385, 1023, 1023, 1023, 1023, 1023 
 7390, 1022, 1023, 1023, 1023, 1023 
 7395, 1023, 1023, 1023, 1023, 1023 
 7400, 1023, 1023, 1023, 1023, 1023 
 7405, 1023, 1023, 1022, 1023, 1023 
 7410, 1023, 1023, 1023, 1023, 1023 
 7415, 1023, 1023, 1023, 1023, 1023 
 7420, 1021, 1023, 1023, 1023, 1023 
 7425, 1023, 1023, 1022, 1023, 1023 
 7430, 1023, 1023, 1023, 1023, 1023 
 7435, 1023, 1023, 1023, 1023, 1023 
 7440, 1023, 1023, 1023, 1023, 1023 
 7445, 1023, 1023, 1023, 1023, 1023 
 7450, 1023, 1023, 1023, 1023, 1023 
 7455, 1023, 1023, 1023, 1023, 1023 
 7460, 1023, 1023, 1023, 1022, 1023 
 7465, 1023, 1023, 1023, 1023, 1023 
 7470, 1022, 1023, 1022, 1023, 1023 
 7475, 1023, 1023, 1023, 1023, 1023 
 7480, 1023, 1023, 1023, 1023, 1023 
 7485, 1023, 1023, 1023, 1023, 1023 
 7490, 1023, 1023, 1023, 1023, 1023 
 7495, 1023, 1023, 1023, 1023, 1022 
 7500, 1022, 1023, 1023, 1023, 1022, 86, 1023 
 7505, 1023, 1023, 1023, 1023, 1023 
 7510, 1023, 1023, 1023, 1023, 1023 
 7515, 1023, 1023, 1023, 1023, 1023 
 7520, 1023, 1023, 1023, 1023, 1023 
 7525, 1023, 1023, 1023, 1023, 1023 
 7530, 1023, 1023, 1023, 1023, 1023 
 7535, 1023, 1023, 1023, 1023, 1023 
 7540, 1023, 1023, 1023, 1023, 1022 
 7545, 1023, 1023, 1023, 1023, 1023 
 7550, 1023, 1023, 1023, 1023, 1023 
 7555, 1023, 1023, 1023, 1023, 1023 
 7560, 1023, 1023, 1023, 1023, 1023 
 7565, 1023, 1022, 1023, 1023, 1023 
 7570, 1023, 1023, 1023, 1023, 1023 
 7575, 1023, 1023, 1023, 1023, 1023 
 7580, 1023, 1023, 1023, 1023, 1023 
 7585, 1023, 1023, 1023, 1023, 1023 
 7590, 1023, 1023, 1023, 1021, 1023 
 7595, 1023, 1023, 1023, 1023, 1023 
 7600, 1023, 1023, 1023, 1023, 1023 
 7605, 1023, 1023, 1023, 1023, 1023 
 7610, 1023, 1023, 1023, 1023, 1023 
 7615, 1023, 1023, 1023, 1023, 1023 
 7620, 1023, 1023, 1023, 1023, 1023 
 7625, 1023, 1023, 1023, 1023, 1023 
 7630, 1023, 1023, 1023, 1023, 1023 
 7635, 1022, 1023, 1023, 1023, 1023 
 7640, 1023, 1023, 1023, 1023, 1023 
 7645, 1023, 1023, 1023, 1023, 1023 
 7650, 1023, 1023, 1023, 1023, 1023 
 7655, 1023, 1023, 1023, 1023, 1023 
 7660, 1023, 1023, 1023, 1023, 1023 
 7665, 1023, 1023, 1023, 1023, 1023 
 7670, 1023, 1023, 1023, 1023, 1023 
 7675, 1023, 1023, 1023, 1023, 1023 
 7680, 1023, 1023, 1023, 1023, 1023 
 7685, 1023, 1023, 1023, 1022, 1023 
 7690, 1023, 1023, 1023, 1023, 1023 
 7695, 1023, 1023, 1023, 1023, 1023 
 7700, 1023, 1023, 1023, 1023, 1023 
 7705, 1023, 1023, 1023, 1023, 1023 
 7710, 1023, 1023, 1023, 1023, 1023 
 7715, 1023, 1022, 1023, 1023, 1023 
 7720, 1023, 1023, 1023, 1023, 1023 
 7725, 1023, 1023, 1023, 1023, 1023 
 7730, 1023, 1023, 1022, 1023, 1023 
 7735, 1023, 1023, 1023, 1023, 1023 
 7740, 1023, 1023, 1023, 1023, 1023 
 7745, 1023, 1023, 1023, 1023, 1023 
 7750, 1023, 1023, 1023, 1023, 1023 
 7755, 1023, 1023, 1023, 1023, 1023 
 7760, 1023, 1023, 1023, 1023, 1023 
 7765, 1023, 1023, 1023, 1023, 1023 
 7770, 1023, 1023, 1023, 1023, 1023 
 7775, 1023, 1023, 1023, 1023, 1022 
 7780, 1022, 1023, 1023, 1022, 1023 
 7785, 1023, 1023, 1023, 1023, 1023 
 7790, 1023, 1023, 1023, 1023, 1023 
 7795, 1023, 1023, 1022, 1023, 1022 
 7800, 1023, 1023, 1023, 1023, 1023, 86, 1023 
 7805, 1023, 1023, 1023, 1022, 1023 
 7810, 1023, 1023, 1023, 1023, 1023 
 7815, 1023, 1023, 1023, 1023, 1023 
 7820, 1023, 1023, 1023, 1023, 1023 
 7825, 1023, 1023, 1023, 1023, 1023 
 7830, 1023, 1023, 1023, 1023, 1023 
 7835, 1023, 1023, 1023, 1023, 1023 
 7840, 1023, 1023, 1023, 1023, 1023 
 7845, 1021, 1023, 1023, 1023, 1023 
 7850, 1021, 1023, 1023, 1023, 1023 
 7855, 1023, 1023, 1023, 1023, 1023 
 7860, 1021, 1023, 1023, 1023, 1023 
 7865, 1023, 1023, 1023, 1023, 1023 
 7870, 1023, 1023, 1023, 1023, 1023 
 7875, 1023, 1023, 1023, 1023, 1023 
 7880, 1023, 1023, 1023, 1023, 1023 
 7885, 1023, 1023, 1023, 1023, 1023 
 7890, 1021, 1023, 1023, 1023, 1023 
 7895, 1023, 1023, 1023, 1023, 1023 
 7900, 1023, 1022, 1023, 1023, 1023 
 7905, 1021, 1023, 1023, 1023, 1023 
 7910, 1023, 1023, 1023, 1023, 1023 
 7915, 1023, 1023, 1023, 1023, 1023 
 7920, 1021, 1023, 1023, 1023, 1023 
 7925, 1023, 1023, 1021, 1023, 1023 
 7930, 1023, 1023, 1023, 1023, 1023 
 7935, 1023, 1023, 1023, 1023, 1023 
 7940, 1023, 1023, 1023, 1023, 1023 
 7945, 1023, 1023, 1023, 1023, 1023 
 7950, 1023, 1023, 1023, 1023, 1022 
 7955, 1023, 1023, 1023, 1023, 1023 
 7960, 1023, 1023, 1023, 1023, 1023 
 7965, 1023, 1023, 1023, 1023, 1023 
 7970, 1023, 1023, 1023, 1023, 1023 
 7975, 1023, 1022, 1023, 1023, 1023 
 7980, 1021, 1023, 1023, 1023, 1023 
 7985, 1023, 1023, 1023, 1023, 1023 
 7990, 1023, 1022, 1023, 1023, 1023 
 7995, 1023, 1023, 1023, 1023, 1023 
 8000, 1023, 1023, 1023, 1023, 1023 
 8005, 1023, 1023, 1023, 1023, 1023 
 8010, 1023, 1023, 1023, 1023, 1023 
 8015, 1023, 1023, 1023, 1023, 1023 
 8020, 1023, 1023, 1023, 1023, 1023 
 8025, 1023, 1023, 1023, 1023, 1023 
 8030, 1023, 1023, 1023, 1023, 1023 
 8035, 1023, 1023, 1023, 1023, 1023 
 8040, 1023, 1023, 1023, 1023, 1023 
 8045, 1023, 1023, 1023, 1023, 1023 
 8050, 1023, 1023, 1023, 1023, 1023 
 8055, 1023, 1023, 1023, 1022, 1023 
 8060, 1023, 1023, 1023, 1023, 1023 
 8065, 1023, 1023, 1023, 1023, 1023 
 8070, 1023, 1023, 1023, 1023, 1023 
 8075, 1023, 1023, 1023, 1023, 1023 
 8080, 1023, 1023, 1023, 1023, 1023 
 8085, 1023, 1023, 1023, 1023, 1023 
 8090, 1023, 1023, 1023, 1022, 1023 
 8095, 1023, 1023, 1023, 1023, 1023 
 10805, 1023, 1023, 1023, 1023, 1023, 88, 1023 
 10810, 1023, 1023, 1023, 1023, 1023 
 10815, 1023, 1023, 1023, 1023, 1023 
 10820, 1023, 1023, 1023, 1023, 1023 
 10825, 1023, 1023, 1022, 1023, 1023 
 10830, 1023, 1023, 1023, 1023, 1023 
 10835, 1023, 1023, 1023, 1023, 1023 
 10840, 1023, 1023, 1023, 1023, 1023 
 10845, 1021, 1023, 1023, 1023, 1023 
 10850, 1023, 1023, 1022, 1023, 1023 
 10855, 1023, 1023, 1023, 1022, 1023 
 10860, 1023, 1023, 1023, 1023, 1023 
 10865, 1023, 1023, 1023, 1023, 1023 
 10870, 1023, 1023, 1022, 1023, 1023 
 10875, 1023, 1023, 1023, 1023, 1023 
 10880, 1023, 1023, 1023, 1023, 1023 
 10885, 1023, 1023, 1023, 1023, 1023 
 10890, 1023, 1023, 1023, 1023, 1023 
 10895, 1023, 1023, 1023, 1023, 1023 
 10900, 1023, 1023, 1023, 1023, 1023 
 10905, 1023, 1023, 1023, 1023, 1023 
 10910, 1023, 1023, 1023, 1023, 1023 
 10915, 1023, 1023, 1023, 1023, 1023 
 10920, 1023, 1023, 1022, 1023, 1023 
 10925, 1023, 1023, 1023, 1023, 1023 
 10930, 1023, 1023, 1023, 1023, 1023 
 10935, 1023, 1023, 1023, 1023, 1023 
 10940, 1023, 1023, 1023, 1023, 1023 
 10945, 1023, 1023, 1023, 1023, 1023 
 10950, 1023, 1023, 1023, 1023, 1023 
 10955, 1023, 1023, 1023, 1023, 1023 
 10960, 1023, 1023, 1023, 1023, 1023 
 10965, 1023, 1023, 1023, 1023, 1023 
 10970, 1023, 1023, 1023, 1023, 1023 
 10975, 1023, 1023, 1023, 1023, 1023 
 10980, 1023, 1023, 1023, 1022, 1023 
 10985, 1023, 1022, 1023, 1023, 1023 
 10990, 1023, 1023, 1023, 1023, 1023 
 10995, 1023, 1023, 1023, 1023, 1023 
 11000, 1023, 1023, 1023, 1023, 1023 
 11005, 1023, 1023, 1023, 1023, 1023 
 11010, 1023, 1023, 1023, 1023, 1023 
 11015, 1023, 1023, 1023, 1023, 1023 
 11020, 1023, 1023, 1023, 1023, 1023 
 11025, 1023, 1023, 1023, 1023, 1023 
 11030, 1023, 1023, 1023, 1023, 1023 
 11035, 1023, 1023, 1023, 1023, 1023 
 11040, 1023, 1023, 1023, 1023, 1023 
 11045, 1023, 1023, 1023, 1023, 1023 
 11050, 1023, 1023, 1023, 1023, 1023 
 11055, 1023, 1023, 1023, 1023, 1023 
 11060, 1023, 1023, 1023, 1023, 1023 
 11065, 1023, 1023, 1023, 1022, 1023 
 11070, 1023, 1023, 1023, 1023, 1023 
 11075, 1023, 1023, 1023, 1023, 1023 
 11080, 1023, 1022, 1023, 1022, 1023 
 11085, 1023, 1023, 1023, 1023, 1023 
 11090, 1023, 1023, 1023, 1023, 1023 
 11095, 1023, 1023, 1023, 1023, 1023 
 11100, 1023, 1023, 1023, 1023, 1023, 90, 1023 
 11105, 1023, 1022, 1023, 1023, 1023 
 11110, 1023, 1023, 1023, 1023, 1023 
 11115, 1023, 1023, 1023, 1023, 1023 
 11120, 1023, 1023, 1023, 1023, 1023 
 11125, 1023, 1022, 1023, 1023, 1023 
 11130, 1023, 1023, 1023, 1023, 1023 
 11135, 1023, 1023, 1023, 1023, 1023 
 11140, 1023, 1023, 1023, 1023, 1023 
 11145, 1023, 1023, 1023, 1023, 1023 
 11150, 1023, 1023, 1023, 1023, 1023 
 11155, 1023, 1023, 1023, 1023, 1023 
 11160, 1023, 1023, 1023, 1023, 1023 
 11165, 1023, 1023, 1023, 1023, 1023 
 11170, 1022, 1023, 1023, 1023, 1023 
 11175, 1023, 1023, 1023, 1023, 1023 
 11180, 1023, 1023, 1022, 1023, 1023 
 11185, 1023, 1023, 1022, 1023, 1023 
 11190, 1023, 1023, 1023, 1023, 1023 
 11195, 1023, 1023, 1023, 1023, 1023 
 11200, 1023, 1023, 1023, 1023, 1023 
 11205, 1022, 1023, 1023, 1023, 1023 
 11210, 1023, 1023, 1023, 1023, 1023 
 11215, 1023, 1023, 1023, 1023, 1023 
 11220, 1023, 1023, 1023, 1023, 1023 
 11225, 1023, 1023, 1023, 1023, 1023 
 11230, 1023, 1023, 1023, 1023, 1023 
 11235, 1023, 1023, 1023, 1023, 1023 
 11240, 1023, 1021, 1023, 1023, 1023 
 11245, 1023, 1023, 1023, 1023, 1023 
 11250, 1023, 1023, 1023, 1023, 1023 
 11255, 1023, 1023, 1023, 1023, 1023 
 11260, 1023, 1023, 1023, 1023, 1023 
 11265, 1023, 1022, 1023, 1023, 1023 
 11270, 1023, 1023, 1023, 1021, 1023 
 11275, 1023, 1023, 1023, 1023, 1023 
 11280, 1023, 1023, 1023, 1023, 1023 
 11285, 1023, 1023, 1023, 1023, 1023 
 11290, 1023, 1023, 1023, 1023, 1023 
 11295, 1023, 1023, 1023, 1023, 1023 
 11300, 1023, 1023, 1023, 1023, 1023 
 11305, 1023, 1023, 1022, 1023, 1023 
 11310, 1023, 1023, 1023, 1023, 1023 
 11315, 1023, 1023, 1023, 1023, 1023 
 11320, 1023, 1023, 1022, 1023, 1023 
 11325, 1023, 1023, 1023, 1023, 1023 
 11330, 1023, 1023, 1023, 1023, 1023 
 11335, 1023, 1023, 1023, 1023, 1023 
 11340, 1022, 1023, 1023, 1023, 1023 
 11345, 1023, 1023, 1023, 1023, 1023 
 11350, 1023, 1023, 1023, 1023, 1023 
 11355, 1023, 1023, 1023, 1023, 1023 
 11360, 1023, 1023, 1023, 1023, 1023 
 11365, 1023, 1023, 1023, 1023, 1023 
 11370, 1023, 1023, 1023, 1023, 1023 
 11375, 1023, 1023, 1023, 1023, 1023 
 11380, 1023, 1023, 1023, 1023, 1023 
 11385, 1023, 1023, 1023, 1023, 1023 
 11390, 1023, 1023, 1023, 1023, 1023 
 11395, 1023, 1023, 1023, 1023, 1023 
 11400, 1023, 1023, 1023, 1023, 1023, 87, 1023 
 11405, 1023, 1023, 1023, 1023, 1022 
 11410, 1023, 1023, 1023, 1023, 1023 
 11415, 1023, 1023, 1023, 1023, 1023 
 11420, 1023, 1023, 1023, 1023, 1023 
 11425, 1023, 1023, 1023, 1023, 1023 
 11430, 1023, 1021, 1023, 1023, 1023 
 11435, 1023, 1023, 1023, 1023, 1023 
 11440, 1023, 1023, 1023, 1023, 1023 
 11445, 1022, 1023, 1023, 1023, 1023 
 11450, 1023, 1023, 1023, 1023, 1023 
 11455, 1023, 1023, 1023, 1023, 1023 
 11460, 1023, 1023, 1023, 1023, 1023 
 11465, 1023, 1023, 1023, 1023, 1023 
 11470, 1023, 1023, 1023, 1023, 1023 
 11475, 1023, 1023, 1023, 1023, 1023 
 11480, 1023, 1023, 1023, 1023, 1023 
 11485, 1023, 1023, 1023, 1023, 1023 
 11490, 1023, 1023, 1023, 1023, 1023 
 11495, 1023, 1023, 1023, 1023, 1023 
 11500, 1023, 1023, 1023, 1023, 1023 
 11505, 1023, 1023, 1023, 1023, 1023 
 11510, 1023, 1023, 1023, 1023, 1023 
 11515, 1023, 1023, 1023, 1023, 1023 
 11520, 1022, 1023, 1023, 1023, 1023 
 11525, 1023, 1023, 1023, 1023, 1023 
 11530, 1023, 1023, 1023, 1023, 1023 
 11535, 1023, 1023, 1023, 1023, 1023 
 11540, 1023, 1023, 1023, 1023, 1023 
 11545, 1023, 1023, 1022, 1023, 1023 
 11550, 1023, 1023, 1023, 1023, 1023 
 11555, 1023, 1023, 1023, 1023, 1023 
 11560, 1023, 1023, 1023, 1023, 1023 
 11565, 1023, 1023, 1023, 1023, 1023 
 11570, 1023, 1023, 1023, 1023, 1023 
 11575, 1023, 1023, 1023, 1023, 1023 
 11580, 1023, 1023, 1023, 1023, 1023 
 11585, 1023, 1023, 1023, 1023, 1023 
 11590, 1023, 1023, 1023, 1023, 1023 
 11595, 1023, 1023, 1023, 1023, 1023 
 11600, 1023, 1023, 1022, 1023, 1023 
 11605, 1023, 1023, 1023, 1022, 1023 
 11610, 1023, 1023, 1023, 1023, 1023 
 11615, 1023, 1023, 1023, 1022, 1023 
 11620, 1023, 1023, 1023, 1023, 1023 
 11625, 1022, 1023, 1023, 1023, 1023 
 11630, 1023, 1023, 1023, 1023, 1023 
 11635, 1023, 1023, 1023, 1023, 1023 
 11640, 1021, 1023, 1023, 1023, 1023 
 11645, 1023, 1023, 1023, 1023, 1023 
 11650, 1023, 1023, 1023, 1023, 1023 
 11655, 1023, 1023, 1023, 1023, 1023 
 11660, 1023, 1023, 1023, 1023, 1023 
 11665, 1023, 1023, 1023, 1023, 1023 
 11670, 1023, 1023, 1023, 1023, 1023 
 11675, 1023, 1022, 1023, 1023, 1023 
 11680, 1023, 1023, 1023, 1023, 1023 
 11685, 1023, 1023, 1023, 1023, 1023 
 11690, 1023, 1023, 1023, 1023, 1023 
 11695, 1023, 1023, 1023, 1023, 1023 
 14405, 1023, 1023, 1023, 1023, 1023, 90, 1022 
 14410, 1023, 1023, 1023, 1022, 1023 
 14415, 1023, 1023, 1022, 1023, 1023 
 14420, 1023, 1023, 1023, 1023, 1023 
 14425, 1023, 1023, 1023, 1023, 1023 
 14430, 1023, 1023, 1023, 1023, 1023 
 14435, 1023, 1023, 1023, 1023, 1023 
 14440, 1023, 1023, 1023, 1023, 1023 
 14445, 1023, 1023, 1023, 1023, 1023 
 14450, 1021, 1023, 1023, 1023, 1023 
 14455, 1023, 1023, 1023, 1023, 1022 
 14460, 1023, 1023, 1023, 1023, 1023 
 14465, 1023, 1023, 1022, 1023, 1023 
 14470, 1023, 1023, 1023, 1023, 1023 
 14475, 1023, 1023, 1023, 1023, 1023 
 14480, 1023, 1023, 1023, 1023, 1023 
 14485, 1023, 1023, 1023, 1023, 1023 
 14490, 1023, 1023, 1023, 1023, 1023 
 14495, 1022, 1023, 1023, 1023, 1023 
 14500, 1023, 1023, 1023, 1023, 1023 
 14505, 1023, 1023, 1023, 1023, 1023 
 14510, 1023, 1023, 1023, 1023, 1023 
 14515, 1023, 1023, 1023, 1023, 1023 
 14520, 1023, 1023, 1023, 1023, 1023 
 14525, 1023, 1023, 1023, 1023, 1023 
 14530, 1023, 1023, 1023, 1023, 1023 
 14535, 1023, 1023, 1023, 1023, 1023 
 14540, 1023, 1023, 1023, 1023, 1023 
 14545, 1023, 1023, 1023, 1023, 1023 
 14550, 1023, 1023, 1023, 1023, 1023 
 14555, 1023, 1023, 1023, 1023, 1023 
 14560, 1023, 1023, 1023, 1023, 1023 
 14565, 1023, 1023, 1023, 1023, 1023 
 14570, 1023, 1023, 1023, 1023, 1023 
 14575, 1023, 1023, 1023, 1023, 1023 
 14580, 1023, 1023, 1023, 1023, 1023 
 14585, 1023, 1023, 1023, 1023, 1023 
 14590, 1023, 1023, 1023, 1023, 1023 
 14595, 1023, 1023, 1023, 1023, 1023 
 14600, 1023, 1023, 1023, 1023, 1023 
 14605, 1023, 1023, 1023, 1023, 1023 
 14610, 1023, 1023, 1023, 1021, 1023 
 14615, 1023, 1023, 1023, 1023, 1023 
 14620, 1023, 1023, 1023, 1023, 1023 
 14625, 1023, 1023, 1023, 1023, 1023 
 14630, 1023, 1023, 1023, 1023, 1023 
 14635, 1023, 1023, 1023, 1023, 1023 
 14640, 1023, 1023, 1023, 1023, 1023 
 14645, 1023, 1023, 1023, 1023, 1023 
 14650, 1023, 1023, 1023, 1023, 1023 
 14655, 1023, 1022, 1023, 1022, 1023 
 14660, 1023, 1023, 1023, 1023, 1023 
 14665, 1023, 1023, 1021, 1023, 1023 
 14670, 1023, 1022, 1023, 1023, 1023 
 14675, 1023, 1023, 1023, 1023, 1023 
 14680, 1023, 1023, 1023, 1023, 1023 
 14685, 1023, 1023, 1023, 1023, 1023 
 14690, 1023, 1023, 1022, 1023, 1023 
 14695, 1023, 1023, 1023, 1023, 1023 
 14700, 1023, 1023, 1023, 1023, 1023, 89, 1023 
 14705, 1022, 1023, 1023, 1023, 1023 
 14710, 1023, 1023, 1023, 1023, 1023 
 14715, 1023, 1023, 1023, 1023, 1023 
 14720, 1023, 1023, 1023, 1023, 1023 
 14725, 1023, 1023, 1023, 1023, 1023 
 14730, 1023, 1023, 1023, 1023, 1023 
 14735, 1023, 1023, 1023, 1023, 1023 
 14740, 1023, 1023, 1023, 1023, 1023 
 14745, 1023, 1022, 1023, 1023, 1023 
 14750, 1023, 1023, 1023, 1023, 1023 
 14755, 1023, 1022, 1023, 1023, 1023 
 14760, 1023, 1023, 1023, 1023, 1023 
 14765, 1023, 1023, 1023, 1023, 1023 
 14770, 1022, 1023, 1023, 1023, 1023 
 14775, 1023, 1023, 1023, 1023, 1023 
 14780, 1023, 1023, 1023, 1023, 1023 
 14785, 1023, 1023, 1023, 1023, 1023 
 14790, 1023, 1023, 1023, 1023, 1023 
 14795, 1023, 1023, 1023, 1023, 1023 
 14800, 1023, 1023, 1023, 1022, 1023 
 14805, 1023, 1023, 1023, 1021, 1023 
 14810, 1023, 1023, 1023, 1023, 1023 
 14815, 1023, 1023, 1023, 1023, 1023 
 14820, 1021, 1023, 1023, 1023, 1023 
 14825, 1023, 1023, 1023, 1023, 1023 
 14830, 1023, 1023, 1023, 1023, 1023 
 14835, 1023, 1023, 1023, 1023, 1023 
 14840, 1023, 1023, 1023, 1023, 1023 
 14845, 1023, 1023, 1023, 1023, 1023 
 14850, 1023, 1023, 1023, 1023, 1023 
 14855, 1023, 1023, 1023, 1023, 1023 
 14860, 1023, 1023, 1023, 1023, 1023 
 14865, 1023, 1023, 1023, 1023, 1023 
 14870, 1023, 1023, 1023, 1023, 1023 
 14875, 1023, 1023, 1023, 1023, 1023 
 14880, 1023, 1023, 1023, 1023, 1023 
 14885, 1023, 1023, 1023, 1023, 1023 
 14890, 1023, 1023, 1023, 1023, 1023 
 14895, 1023, 1023, 1023, 1023, 1023 
 14900, 1023, 1023, 1023, 1023, 1023 
 14905, 1023, 1022, 1023, 1023, 1023 
 14910, 1023, 1023, 1023, 1023, 1023 
 14915, 1023, 1023, 1023, 1023, 1023 
 14920, 1023, 1023, 1023, 1023, 1023 
 14925, 1023, 1023, 1023, 1023, 1021 
 14930, 1023, 1023, 1023, 1023, 1023 
 14935, 1023, 1023, 1023, 1023, 1023 
 14940, 1023, 1023, 1023, 1023, 1022 
 14945, 1023, 1023, 1023, 1023, 1023 
 14950, 1023, 1023, 1023, 1023, 1023 
 14955, 1023, 1023, 1023, 1023, 1023 
 14960, 1023, 1023, 1023, 1023, 1023 
 14965, 1023, 1023, 1023, 1023, 1023 
 14970, 1023, 1023, 1023, 1023, 1023 
 14975, 1023, 1023, 1023, 1023, 1023 
 14980, 1023, 1023, 1022, 1023, 1023 
 14985, 1023, 1023, 1023, 1023, 1023 
 14990, 1023, 1023, 1023, 1023, 1023 
 14995, 1023, 1022, 1023, 1023, 1023 
 15000, 1023, 1023, 1023, 1023, 1023, 90, 1021 
 15005, 1023, 1023, 1023, 1023, 1023 
 15010, 1023, 1023, 1023, 1023, 1023 
 15015, 1023, 1023, 1023, 1023, 1023 
 15020, 1021, 1023, 1023, 1023, 1023 
 15025, 1023, 1023, 1023, 1023, 1023 
 15030, 1023, 1023, 1023, 1023, 1023 
 15035, 1023, 1023, 1023, 1023, 1023 
 15040, 1023, 1023, 1023, 1023, 1023 
 15045, 1023, 1023, 1022, 1023, 1023 
 15050, 1023, 1023, 1023, 1023, 1023 
 15055, 1023, 1023, 1023, 1023, 1023 
 15060, 1022, 1023, 1023, 1023, 1023 
 15065, 1023, 1023, 1023, 1023, 1023 
 15070, 1023, 1021, 1023, 1023, 1023 
 15075, 1023, 1023, 1023, 1023, 1023 
 15080, 1023, 1023, 1023, 1023, 1023 
 15085, 1023, 1023, 1023, 1023, 1023 
 15090, 1022, 1023, 1023, 1023, 1023 
 15095, 1023, 1023, 1023, 1023, 1023 
 15100, 1023, 1023, 1023, 1023, 1022 
 15105, 1023, 1023, 1023, 1023, 1023 
 15110, 1023, 1023, 1023, 1023, 1023 
 15115, 1023, 1023, 1023, 1023, 1023 
 15120, 1023, 1023, 1023, 1022, 1023 
 15125, 1023, 1023, 1023, 1023, 1023 
 15130, 1023, 1023, 1023, 1023, 1023 
 15135, 1022, 1023, 1023, 1023, 1023 
 15140, 1023, 1023, 1023, 1023, 1023 
 15145, 1023, 1023, 1022, 1022, 1023 
 15150, 1023, 1023, 1023, 1023, 1023 
 15155, 1023, 1023, 1022, 1023, 1023 
 15160, 1022, 1023, 1023, 1023, 1023 
 15165, 1023, 1023, 1023, 1023, 1023 
 15170, 1023, 1023, 1023, 1023, 1023 
 15175, 1023, 1023, 1023, 1023, 1023 
 15180, 1023, 1023, 1023, 1023, 1022 
 15185, 1023, 1023, 1023, 1023, 1023 
 15190, 1023, 1023, 1023, 1023, 1023 
 15195, 1023, 1023, 1023, 1023, 1023 
 15200, 1023, 1023, 1023, 1023, 1023 
 15205, 1023, 1023, 1023, 1023, 1023 
 15210, 1023, 1023, 1023, 1023, 1023 
 15215, 1023, 1023, 1023, 1022, 1023 
 15220, 1023, 1023, 1023, 1023, 1023 
 15225, 1023, 1023, 1023, 1023, 1023 
 15230, 1023, 1023, 1023, 1023, 1023 
 15235, 1023, 1023, 1023, 1023, 1023 
 15240, 1023, 1023, 1023, 1023, 1023 
 15245, 1023, 1023, 1023, 1023, 1023 
 15250, 1023, 1023, 1023, 1023, 1023 
 15255, 1023, 1023, 1023, 1023, 1023 
 15260, 1023, 1023, 1023, 1023, 1023 
 15265, 1023, 1023, 1023, 1023, 1023 
 15270, 1023, 1023, 1023, 1022, 1023 
 15275, 1023, 1023, 1023, 1023, 1023 
 15280, 1023, 1023, 1023, 1023, 1023 
 15285, 1023, 1023, 1023, 1023, 1023 
 15290, 1023, 1023, 1023, 1023, 1023 
 15295, 1023, 1023, 1023, 1023, 1023 
 18005, 1023, 1023, 1023, 1023, 1023, 91, 1023 
 18010, 1023, 1023, 1023, 1023, 1023 
 18015, 1023, 1023, 1023, 1023, 1023 
 18020, 1022, 1023, 1023, 1023, 1023 
 18025, 1023, 1023, 1023, 1023, 1023 
 18030, 1023, 1023, 1023, 1023, 1023 
 18035, 1023, 1023, 1023, 1023, 1023 
 18040, 1023, 1023, 1023, 1023, 1023 
 18045, 1023, 1023, 1023, 1023, 1023 
 18050, 1023, 1023, 1023, 1023, 1023 
 18055, 1023, 1023, 1023, 1023, 1023 
 18060, 1023, 1023, 1023, 1023, 1023 
 18065, 1023, 1023, 1023, 1023, 1023 
 18070, 1023, 1023, 1023, 1022, 1023 
 18075, 1023, 1023, 1023, 1023, 1023 
 18080, 1023, 1023, 1023, 1023, 1023 
 18085, 1023, 1023, 1023, 1023, 1023 
 18090, 1023, 1023, 1023, 1023, 1023 
 18095, 1023, 1023, 1023, 1023, 1023 
 18100, 1023, 1023, 1023, 1023, 1023 
 18105, 1023, 1023, 1023, 1023, 1023 
 18110, 1023, 1023, 1023, 1023, 1023 
 18115, 1023, 1023, 1023, 1023, 1023 
 18120, 1023, 1023, 1023, 1023, 1023 
 18125, 1023, 1023, 1023, 1023, 1023 
 18130, 1022, 1023, 1023, 1023, 1023 
 18135, 1023, 1023, 1023, 1023, 1023 
 18140, 1023, 1023, 1023, 1023, 1023 
 18145, 1023, 1023, 1023, 1023, 1023 
 18150, 1023, 1023, 1023, 1023, 1023 
 18155, 1023, 1023, 1023, 1023, 1023 
 18160, 1023, 1023, 1023, 1023, 1023 
 18165, 1023, 1023, 1023, 1023, 1023 
 18170, 1023, 1023, 1023, 1023, 1023 
 18175, 1023, 1022, 1023, 1023, 1023 
 18180, 1023, 1023, 1023, 1023, 1023 
 18185, 1023, 1023, 1023, 1023, 1023 
 18190, 1023, 1023, 1023, 1023, 1023 
 18195, 1023, 1022, 1023, 1023, 1023 
 18200, 1023, 1023, 1023, 1023, 1023 
 18205, 1023, 1023, 1023, 1023, 1023 
 18210, 1023, 1023, 1023, 1023, 1023 
 18215, 1023, 1023, 1023, 1023, 1023 
 18220, 1023, 1023, 1023, 1023, 1023 
 18225, 1023, 1023, 1023, 1023, 1023 
 18230, 1023, 1023, 1023, 1023, 1023 
 18235, 1023, 1023, 1023, 1023, 1023 
 18240, 1023, 1023, 1023, 1023, 1023 
 18245, 1023, 1023, 1023, 1023, 1023 
 18250, 1021, 1023, 1023, 1023, 1023 
 18255, 1023, 1023, 1023, 1023, 1023 
 18260, 1023, 1023, 1023, 1023, 1023 
 18265, 1023, 1023, 1023, 1022, 1023 
 18270, 1022, 1023, 1023, 1023, 1023 
 18275, 1023, 1023, 1023, 1023, 1023 
 18280, 1023, 1023, 1023, 1023, 1023 
 18285, 1023, 1023, 1023, 1023, 1023 
 18290, 1023, 1023, 1022, 1023, 1023 
 18295, 1023, 1023, 1023, 1023, 1023 
 18300, 1023, 1023, 1023, 1023, 1023, 92, 1023 
 18305, 1023, 1023, 1023, 1023, 1023 
 18310, 1023, 1022, 1023, 1023, 1023 
 18315, 1023, 1023, 1023, 1023, 1023 
 18320, 1023, 1023, 1023, 1023, 1023 
 18325, 1023, 1023, 1023, 1023, 1023 
 18330, 1022, 1023, 1023, 1023, 1023 
 18335, 1023, 1023, 1023, 1023, 1023 
 18340, 1023, 1023, 1023, 1023, 1023 
 18345, 1023, 1023, 1023, 1023, 1023 
 18350, 1023, 1023, 1023, 1023, 1023 
 18355, 1023, 1023, 1021, 1023, 1023 
 18360, 1023, 1023, 1023, 1023, 1023 
 18365, 1023, 1023, 1023, 1023, 1023 
 18370, 1023, 1023, 1023, 1023, 1023 
 18375, 1022, 1023, 1023, 1023, 1023 
 18380, 1023, 1023, 1023, 1023, 1023 
 18385, 1023, 1023, 1023, 1023, 1023 
 18390, 1023, 1022, 1023, 1023, 1023 
 18395, 1023, 1023, 1023, 1021, 1023 
 18400, 1023, 1023, 1023, 1023, 1023 
 18405, 1023, 1023, 1023, 1022, 1023 
 18410, 1023, 1023, 1023, 1023, 1023 
 18415, 1023, 1023, 1023, 1023, 1023 
 18420, 1023, 1023, 1023, 1023, 1023 
 18425, 1023, 1023, 1023, 1023, 1023 
 18430, 1023, 1023, 1023, 1023, 1023 
 18435, 1023, 1023, 1023, 1023, 1023 
 18440, 1023, 1023, 1023, 1023, 1023 
 18445, 1023, 1023, 1023, 1023, 1023 
 18450, 1022, 1023, 1023, 1023, 1023 
 18455, 1023, 1023, 1023, 1023, 1023 
 18460, 1023, 1023, 1023, 1023, 1023 
 18465, 1023, 1023, 1023, 1023, 1023 
 18470, 1023, 1023, 1023, 1023, 1023 
 18475, 1023, 1023, 1023, 1023, 1023 
 18480, 1022, 1023, 1023, 1023, 1023 
 18485, 1023, 1022, 1023, 1023, 1023 
 18490, 1023, 1023, 1023, 1023, 1023 
 18495, 1023, 1023, 1023, 1023, 1023 
 18500, 1023, 1023, 1023, 1023, 1023 
 18505, 1023, 1023, 1023, 1023, 1023 
 18510, 1023, 1023, 1023, 1023, 1023 
 18515, 1023, 1023, 1023, 1023, 1023 
 18520, 1023, 1023, 1021, 1023, 1023 
 18525, 1023, 1023, 1023, 1023, 1023 
 18530, 1022, 1023, 1023, 1022, 1023 
 18535, 1023, 1023, 1023, 1023, 1023 
 18540, 1023, 1022, 1023, 1023, 1023 
 18545, 1023, 1023, 1023, 1023, 1023 
 18550, 1023, 1023, 1023, 1023, 1023 
 18555, 1023, 1023, 1023, 1022, 1023 
 18560, 1023, 1023, 1023, 1023, 1023 
 18565, 1023, 1023, 1023, 1023, 1023 
 18570, 1023, 1023, 1023, 1023, 1023 
 18575, 1023, 1023, 1023, 1023, 1023 
 18580, 1023, 1023, 1023, 1023, 1023 
 18585, 1023, 1023, 1023, 1023, 1023 
 18590, 1023, 1023, 1023, 1023, 1023 
 18595, 1023, 1023, 1023, 1022, 1023 
 18600, 1023, 1022, 1023, 1023, 1023, 91, 1023 
 18605, 1021, 1023, 1023, 1022, 1023 
 18610, 1023, 1023, 1023, 1023, 1023 
 18615, 1023, 1023, 1023, 1023, 1023 
 18620, 1023, 1023, 1023, 1023, 1023 
 18625, 1023, 1023, 1023, 1023, 1022 
 18630, 1023, 1023, 1023, 1023, 1023 
 18635, 1023, 1023, 1023, 1023, 1023 
 18640, 1023, 1022, 1023, 1023, 1023 
 18645, 1023, 1023, 1023, 1023, 1023 
 18650, 1021, 1023, 1023, 1023, 1023 
 18655, 1022, 1023, 1023, 1023, 1023 
 18660, 1023, 1023, 1023, 1023, 1023 
 18665, 1023, 1023, 1023, 1023, 1023 
 18670, 1023, 1023, 1023, 1023, 1023 
 18675, 1023, 1023, 1023, 1023, 1023 
 18680, 1023, 1023, 1023, 1023, 1022 
 18685, 1023, 1023, 1023, 1023, 1022 
 18690, 1023, 1023, 1023, 1023, 1023 
 18695, 1021, 1023, 1023, 1023, 1023 
 18700, 1023, 1022, 1023, 1022, 1023 
 18705, 1023, 1023, 1023, 1023, 1023 
 18710, 1023, 1023, 1023, 1023, 1023 
 18715, 1023, 1023, 1023, 1023, 1023 
 18720, 1023, 1023, 1023, 1022, 1023 
 18725, 1023, 1023, 1023, 1023, 1023 
 18730, 1022, 1023, 1023, 1023, 1023 
 18735, 1023, 1023, 1023, 1023, 1023 
 18740, 1023, 1023, 1023, 1023, 1023 
 18745, 1023, 1023, 1023, 1023, 1023 
 18750, 1023, 1023, 1023, 1023, 1023 
 18755, 1023, 1023, 1023, 1023, 1023 
 18760, 1023, 1023, 1023, 1023, 1023 
 18765, 1023, 1023, 1023, 1023, 1023 
 18770, 1023, 1023, 1023, 1023, 1023 
 18775, 1023, 1023, 1023, 1023, 1023 
 18780, 1023, 1023, 1023, 1023, 1023 
 18785, 1023, 1023, 1023, 1023, 1023 
 18790, 1023, 1022, 1023, 1023, 1023 
 18795, 1023, 1023, 1023, 1023, 1023 
 18800, 1023, 1023, 1023, 1023, 1023 
 18805, 1023, 1023, 1023, 1022, 1023 
 18810, 1023, 1023, 1023, 1023, 1023 
 18815, 1023, 1023, 1023, 1023, 1023 
 18820, 1023, 1023, 1023, 1023, 1023 
 18825, 1021, 1023, 1023, 1023, 1023 
 18830, 1023, 1023, 1023, 1023, 1023 
 18835, 1023, 1023, 1023, 1023, 1023 
 18840, 1023, 1023, 1023, 1023, 1023 
 18845, 1023, 1023, 1023, 1023, 1023 
 18850, 1023, 1023, 1023, 1023, 1023 
 18855, 1022, 1023, 1023, 1023, 1023 
 18860, 1023, 1023, 1023, 1023, 1023 
 18865, 1023, 1023, 1023, 1023, 1023 
 18870, 1023, 1023, 1023, 1023, 1023 
 18875, 1023, 1023, 1023, 1023, 1023 
 18880, 1023, 1023, 1023, 1022, 1023 
 18885, 1021, 1023, 1023, 1023, 1023 
 18890, 1023, 1023, 1023, 1023, 1023 
 18895, 1023, 1023, 1023, 1023, 1023 
 21605, 1023, 1023, 1023, 1023, 1023, 90, 1023 
 21610, 1023, 1023, 1022, 1022, 1023 
 21615, 1023, 1023, 1023, 1023, 1023 
 21620, 1023, 1023, 1023, 1023, 1023 
 21625, 1023, 1023, 1023, 1023, 1023 
 21630, 1023, 1023, 1023, 1023, 1023 
 21635, 1023, 1023, 1023, 1023, 1023 
 21640, 1023, 1023, 1023, 1023, 1023 
 21645, 1023, 1023, 1023, 1023, 1023 
 21650, 1022, 1023, 1023, 1023, 1023 
 21655, 1023, 1023, 1023, 1022, 1023 
 21660, 1023, 1023, 1023, 1023, 1023 
 21665, 1023, 1023, 1023, 1023, 1023 
 21670, 1023, 1023, 1022, 1023, 1023 
 21675, 1023, 1023, 1023, 1023, 1023 
 21680, 1023, 1023, 1023, 1023, 1023 
 21685, 1023, 1023, 1023, 1023, 1023 
 21690, 1023, 1023, 1023, 1023, 1023 
 21695, 1023, 1023, 1023, 1023, 1023 
 21700, 1023, 1023, 1023, 1023, 1023 
 21705, 1023, 1023, 1023, 1023, 1023 
 21710, 1023, 1023, 1023, 1023, 1023 
 21715, 1023, 1023, 1023, 1023, 1023 
 21720, 1023, 1023, 1023, 1023, 1023 
 21725, 1023, 1023, 1023, 1023, 1023 
 21730, 1023, 1023, 1022, 1023, 1023 
 21735, 1023, 1023, 1023, 1023, 1023 
 21740, 1023, 1023, 1023, 1023, 1023 
 21745, 1023, 1023, 1023, 1023, 1023 
 21750, 1023, 1023, 1023, 1023, 1023 
 21755, 1023, 1023, 1023, 1023, 1023 
 21760, 1023, 1023, 1023, 1022, 1023 
 21765, 1023, 1023, 1023, 1023, 1023 
 21770, 1023, 1023, 1023, 1023, 1022 
 21775, 1023, 1023, 1023, 1023, 1023 
 21780, 1023, 1023, 1023, 1023, 1023 
 21785, 1023, 1023, 1023, 1023, 1023 
 21790, 1023, 1023, 1022, 1023, 1023 
 21795, 1023, 1023, 1023, 1022, 1023 
 21800, 1023, 1023, 1023, 1023, 1023 
 21805, 1023, 1023, 1023, 1023, 1023 
 21810, 1023, 1023, 1023, 1023, 1023 
 21815, 1023, 1023, 1023, 1023, 1023 
 21820, 1023, 1023, 1023, 1023, 1023 
 21825, 1023, 1023, 1023, 1023, 1023 
 21830, 1023, 1023, 1023, 1023, 1023 
 21835, 1023, 1023, 1023, 1023, 1023 
 21840, 1023, 1023, 1023, 1023, 1023 
 21845, 1023, 1023, 1023, 1023, 1023 
 21850, 1023, 1023, 1022, 1023, 1023 
 21855, 1023, 1023, 1023, 1023, 1023 
 21860, 1023, 1023, 1023, 1023, 1023 
 21865, 1023, 1023, 1023, 1023, 1023 
 21870, 1023, 1023, 1023, 1023, 1023 
 21875, 1023, 1023, 1023, 1023, 1023 
 21880, 1023, 1023, 1023, 1023, 1023 
 21885, 1023, 1023, 1023, 1022, 1023 
 21890, 1023, 1023, 1023, 1023, 1023 
 21895, 1023, 1023, 1023, 1023, 1023 
 21900, 1023, 1023, 1023, 1023, 1023, 91, 1023 
 21905, 1023, 1023, 1023, 1023, 1023 
 21910, 1023, 1023, 1023, 1023, 1023 
 21915, 1023, 1023, 1023, 1023, 1023 
 21920, 1022, 1023, 1023, 1023, 1023 
 21925, 1023, 1023, 1023, 1023, 1023 
 21930, 1023, 1023, 1023, 1023, 1023 
 21935, 1023, 1023, 1023, 1023, 1023 
 21940, 1023, 1023, 1023, 1023, 1023 
 21945, 1023, 1023, 1023, 1023, 1023 
 21950, 1023, 1023, 1023, 1023, 1023 
 21955, 1023, 1023, 1023, 1023, 1023 
 21960, 1023, 1023, 1023, 1023, 1023 
 21965, 1023, 1023, 1023, 1023, 1023 
 21970, 1023, 1023, 1023, 1023, 1023 
 21975, 1023, 1022, 1023, 1023, 1023 
 21980, 1023, 1023, 1023, 1023, 1023 
 21985, 1023, 1023, 1023, 1023, 1023 
 21990, 1023, 1023, 1023, 1023, 1023 
 21995, 1023, 1023, 1023, 1023, 1023 
 22000, 1023, 1023, 1023, 1023, 1023 
 22005, 1023, 1023, 1023, 1023, 1023 
 22010, 1023, 1022, 1023, 1023, 1023 
 22015, 1023, 1023, 1023, 1023, 1023 
 22020, 1023, 1023, 1023, 1023, 1023 
 22025, 1023, 1023, 1023, 1023, 1023 
 22030, 1021, 1023, 1023, 1023, 1023 
 22035, 1023, 1023, 1023, 1023, 1023 
 22040, 1023, 1023, 1023, 1023, 1023 
 22045, 1023, 1023, 1023, 1023, 1023 
 22050, 1023, 1023, 1023, 1023, 1023 
 22055, 1023, 1023, 1023, 1023, 1023 
 22060, 1023, 1023, 1023, 1023, 1023 
 22065, 1022, 1023, 1023, 1023, 1023 
 22070, 1023, 1023, 1023, 1023, 1023 
 22075, 1022, 1023, 1023, 1023, 1023 
 22080, 1023, 1023, 1023, 1023, 1023 
 22085, 1023, 1023, 1023, 1023, 1023 
 22090, 1023, 1023, 1023, 1023, 1023 
 22095, 1023, 1023, 1023, 1023, 1023 
 22100, 1023, 1023, 1023, 1023, 1023 
 22105, 1023, 1023, 1023, 1023, 1023 
 22110, 1023, 1023, 1023, 1023, 1023 
 22115, 1023, 1023, 1023, 1023, 1023 
 22120, 1023, 1023, 1023, 1023, 1023 
 22125, 1023, 1023, 1023, 1023, 1023 
 22130, 1023, 1023, 1023, 1023, 1023 
 22135, 1023, 1023, 1023, 1023, 1023 
 22140, 1023, 1023, 1023, 1023, 1023 
 22145, 1023, 1023, 1023, 1023, 1023 
 22150, 1023, 1023, 1023, 1023, 1023 
 22155, 1023, 1023, 1023, 1023, 1023 
 22160, 1023, 1023, 1023, 1023, 1023 
 22165, 1023, 1023, 1023, 1023, 1023 
 22170, 1023, 1023, 1023, 1023, 1023 
 22175, 1023, 1022, 1023, 1023, 1022 
 22180, 1023, 1023, 1023, 1023, 1023 
 22185, 1023, 1023, 1023, 1023, 1023 
 22190, 1023, 1023, 1023, 1023, 1023 
 22195, 1023, 1023, 1023, 1023, 1023 
 22200, 1023, 1023, 1023, 1023, 1023, 90, 1023 
 22205, 1023, 1023, 1023, 1023, 1023 
 22210, 1023, 1023, 1023, 1023, 1023 
 22215, 1023, 1023, 1023, 1023, 1023 
 22220, 1023, 1023, 1023, 1023, 1023 
 22225, 1022, 1023, 1023, 1023, 1023 
 22230, 1023, 1023, 1023, 1023, 1023 
 22235, 1023, 1023, 1023, 1023, 1023 
 22240, 1023, 1023, 1023, 1023, 1023 
 22245, 1023, 1023, 1023, 1023, 1023 
 22250, 1023, 1023, 1023, 1022, 1023 
 22255, 1023, 1023, 1023, 1023, 1023 
 22260, 1023, 1023, 1023, 1023, 1023 
 22265, 1023, 1023, 1023, 1023, 1023 
 22270, 1023, 1023, 1023, 1023, 1023 
 22275, 1023, 1023, 1023, 1023, 1023 
 22280, 1023, 1023, 1023, 1023, 1022 
 22285, 1023, 1023, 1023, 1023, 1023 
 22290, 1023, 1023, 1023, 1022, 1023 
 22295, 1023, 1023, 1023, 1023, 1023 
 22300, 1023, 1023, 1023, 1023, 1023 
 22305, 1023, 1023, 1023, 1023, 1023 
 22310, 1023, 1023, 1023, 1023, 1023 
 22315, 1023, 1023, 1023, 1023, 1023 
 22320, 1023, 1023, 1023, 1023, 1023 
 22325, 1023, 1023, 1023, 1023, 1023 
 22330, 1023, 1023, 1023, 1022, 1023 
 22335, 1023, 1023, 1023, 1023, 1023 
 22340, 1023, 1023, 1023, 1022, 1023 
 22345, 1023, 1023, 1023, 1023, 1023 
 22350, 1023, 1023, 1023, 1023, 1023 
 22355, 1023, 1022, 1023, 1023, 1023 
 22360, 1023, 1023, 1023, 1023, 1023 
 22365, 1023, 1023, 1023, 1023, 1023 
 22370, 1023, 1023, 1023, 1023, 1023 
 22375, 1023, 1023, 1023, 1023, 1023 
 22380, 1023, 1023, 1023, 1023, 1023 
 22385, 1023, 1023, 1023, 1023, 1022 
 22390, 1023, 1023, 1023, 1022, 1023 
 22395, 1023, 1023, 1023, 1023, 1023 
 22400, 1023, 1023, 1023, 1023, 1023 
 22405, 1023, 1023, 1023, 1023, 1023 
 22410, 1023, 1023, 1023, 1023, 1023 
 22415, 1023, 1023, 1023, 1021, 1023 
 22420, 1022, 1023, 1023, 1023, 1023 
 22425, 1023, 1023, 1023, 1023, 1023 
 22430, 1023, 1023, 1023, 1023, 1023 
 22435, 1023, 1023, 1023, 1023, 1023 
 22440, 1023, 1023, 1023, 1023, 1023 
 22445, 1023, 1023, 1023, 1023, 1023 
 22450, 1023, 1023, 1023, 1023, 1023 
 22455, 1023, 1023, 1023, 1023, 1023 
 22460, 1023, 1023, 1023, 1023, 1023 
 22465, 1023, 1022, 1022, 1023, 1023 
 22470, 1023, 1022, 1023, 1023, 1023 
 22475, 1023, 1023, 1023, 1023, 1023 
 22480, 1023, 1023, 1023, 1023, 1023 
 22485, 1023, 1023, 1023, 1023, 1023 
 22490, 1023, 1023, 1023, 1023, 1023 
 22495, 1023, 1023, 1023, 1023, 1023 
 25205, 1023, 1023, 1023, 1023, 1023, 91, 1023 
 25210, 1023, 1023, 1023, 1023, 1023 
 25215, 1023, 1023, 1023, 1023, 1023 
 25220, 1023, 1023, 1023, 1023, 1023 
 25225, 1023, 1023, 1023, 1023, 1023 
 25230, 1023, 1023, 1023, 1023, 1023 
 25235, 1023, 1023, 1023, 1023, 1023 
 25240, 1023, 1023, 1023, 1023, 1023 
 25245, 1023, 1023, 1023, 1022, 1023 
 25250, 1021, 1023, 1023, 1023, 1023 
 25255, 1021, 1023, 1023, 1023, 1023 
 25260, 1022, 1023, 1023, 1023, 1023 
 25265, 1023, 1023, 1023, 1023, 1023 
 25270, 1023, 1023, 1023, 1023, 1023 
 25275, 1023, 1023, 1023, 1023, 1023 
 25280, 1021, 1023, 1023, 1023, 1023 
 25285, 1023, 1023, 1023, 1023, 1023 
 25290, 1023, 1023, 1023, 1023, 1023 
 25295, 1023, 1023, 1023, 1023, 1023 
 25300, 1023, 1023, 1023, 1023, 1023 
 25305, 1023, 1023, 1023, 1023, 1023 
 25310, 1023, 1023, 1023, 1022, 1023 
 25315, 1023, 1023, 1023, 1023, 1023 
 25320, 1023, 1023, 1023, 1023, 1023 
 25325, 1023, 1023, 1023, 1023, 1023 
 25330, 1023, 1023, 1023, 1023, 1023 
 25335, 1022, 1023, 1022, 1023, 1023 
 25340, 1023, 1023, 1022, 1023, 1021 
 25345, 1023, 1023, 1023, 1023, 1023 
 25350, 1023, 1022, 1022, 1023, 1023 
 25355, 1023, 1023, 1023, 1023, 1023 
 25360, 1023, 1023, 1023, 1023, 1023 
 25365, 1022, 1023, 1023, 1023, 1023 
 25370, 1022, 1023, 1023, 1023, 1023 
 25375, 1023, 1023, 1023, 1023, 1023 
 25380, 1023, 1023, 1023, 1023, 1023 
 25385, 1023, 1023, 1023, 1023, 1023 
 25390, 1023, 1023, 1023, 1023, 1023 
 25395, 1023, 1023, 1023, 1023, 1023 
 25400, 1023, 1023, 1022, 1023, 1023 
 25405, 1023, 1023, 1023, 1023, 1023 
 25410, 1023, 1023, 1023, 1023, 1023 
 25415, 1023, 1023, 1023, 1023, 1023 
 25420, 1023, 1023, 1022, 1023, 1023 
 25425, 1021, 1023, 1023, 1022, 1023 
 25430, 1023, 1023, 1023, 1023, 1023 
 25435, 1023, 1023, 1023, 1023, 1023 
 25440, 1023, 1023, 1023, 1023, 1023 
 25445, 1023, 1023, 1023, 1023, 1023 
 25450, 1023, 1023, 1023, 1023, 1023 
 25455, 1023, 1023, 1023, 1023, 1023 
 25460, 1023, 1023, 1021, 1023, 1023 
 25465, 1023, 1023, 1023, 1023, 1023 
 25470, 1023, 1023, 1023, 1023, 1023 
 25475, 1023, 1023, 1023, 1023, 1023 
 25480, 1023, 1023, 1023, 1023, 1023 
 25485, 1023, 1023, 1023, 1023, 1023 
 25490, 1023, 1023, 1023, 1023, 1023 
 25495, 1023, 1023, 1023, 1023, 1023 
 25500, 1022, 1023, 1023, 1023, 1023, 93, 1023 
 25505, 1023, 1023, 1023, 1023, 1023 
 25510, 1023, 1023, 1023, 1023, 1023 
 25515, 1023, 1023, 1023, 1022, 1022 
 25520, 1023, 1023, 1023, 1023, 1023 
 25525, 1023, 1023, 1023, 1023, 1023 
 25530, 1023, 1023, 1023, 1023, 1023 
 25535, 1023, 1023, 1023, 1023, 1023 
 25540, 1021, 1023, 1022, 1023, 1023 
 25545, 1023, 1023, 1023, 1023, 1023 
 25550, 1023, 1023, 1023, 1023, 1023 
 25555, 1023, 1023, 1023, 1023, 1023 
 25560, 1023, 1023, 1023, 1023, 1023 
 25565, 1023, 1023, 1023, 1023, 1023 
 25570, 1023, 1023, 1023, 1023, 1023 
 25575, 1023, 1023, 1023, 1023, 1023 
 25580, 1023, 1022, 1023, 1023, 1023 
 25585, 1023, 1023, 1023, 1023, 1023 
 25590, 1023, 1023, 1023, 1022, 1023 
 25595, 1023, 1023, 1023, 1023, 1023 
 25600, 1023, 1023, 1023, 1023, 1023 
 25605, 1023, 1022, 1023, 1023, 1023 
 25610, 1023, 1023, 1023, 1022, 1023 
 25615, 1023, 1023, 1023, 1023, 1023 
 25620, 1023, 1023, 1023, 1023, 1023 
 25625, 1023, 1023, 1023, 1023, 1023 
 25630, 1022, 1023, 1023, 1023, 1023 
 25635, 1023, 1023, 1023, 1023, 1023 
 25640, 1023, 1023, 1023, 1023, 1023 
 25645, 1023, 1023, 1023, 1023, 1023 
 25650, 1023, 1023, 1023, 1023, 1023 
 25655, 1023, 1023, 1023, 1023, 1023 
 25660, 1023, 1023, 1023, 1023, 1023 
 25665, 1023, 1023, 1023, 1023, 1023 
 25670, 1023, 1023, 1023, 1023, 1023 
 25675, 1023, 1023, 1023, 1022, 1023 
 25680, 1023, 1023, 1023, 1023, 1023 
 25685, 1023, 1023, 1023, 1023, 1023 
 25690, 1023, 1023, 1023, 1023, 1023 
 25695, 1023, 1023, 1023, 1023, 1023 
 25700, 1023, 1023, 1023, 1023, 1023 
 25705, 1023, 1023, 1023, 1023, 1023 
 25710, 1023, 1023, 1023, 1023, 1023 
 25715, 1023, 1023, 1023, 1023, 1023 
 25720, 1023, 1023, 1023, 1023, 1023 
 25725, 1023, 1023, 1023, 1023, 1023 
 25730, 1023, 1023, 1023, 1023, 1023 
 25735, 1023, 1023, 1023, 1023, 1023 
 25740, 1023, 1023, 1023, 1023, 1023 
 25745, 1023, 1023, 1023, 1023, 1023 
 25750, 1023, 1023, 1023, 1023, 1023 
 25755, 1023, 1023, 1023, 1023, 1023 
 25760, 1023, 1023, 1023, 1023, 1023 
 25765, 1023, 1021, 1023, 1023, 1023 
 25770, 1021, 1023, 1023, 1023, 1022 
 25775, 1021, 1023, 1023, 1023, 1023 
 25780, 1023, 1023, 1023, 1023, 1023 
 25785, 1023, 1023, 1023, 1023, 1023 
 25790, 1023, 1023, 1023, 1023, 1023 
 25795, 1023, 1023, 1023, 1023, 1023 
 25800, 1023, 1023, 1023, 1023, 1023, 93, 1023 
 25805, 1023, 1023, 1023, 1023, 1023 
 25810, 1023, 1023, 1023, 1023, 1022 
 25815, 1023, 1023, 1023, 1023, 1023 
 25820, 1023, 1023, 1023, 1023, 1023 
 25825, 1023, 1023, 1023, 1023, 1023 
 25830, 1023, 1023, 1023, 1023, 1023 
 25835, 1023, 1023, 1023, 1022, 1023 
 25840, 1023, 1023, 1023, 1023, 1023 
 25845, 1023, 1023, 1023, 1023, 1023 
 25850, 1023, 1023, 1023, 1023, 1023 
 25855, 1023, 1023, 1023, 1023, 1023 
 25860, 1023, 1023, 1023, 1023, 1023 
 25865, 1023, 1023, 1023, 1023, 1023 
 25870, 1023, 1023, 1023, 1023, 1023 
 25875, 1023, 1023, 1023, 1023, 1023 
 25880, 1023, 1023, 1023, 1023, 1022 
 25885, 1023, 1023, 1023, 1023, 1023 
 25890, 1023, 1023, 1023, 1023, 1023 
 25895, 1023, 1023, 1022, 1023, 1023 
 25900, 1023, 1023, 1023, 1023, 1023 
 25905, 1023, 1023, 1023, 1023, 1023 
 25910, 1023, 1023, 1023, 1023, 1023 
 25915, 1023, 1023, 1023, 1023, 1023 
 25920, 1021, 1023, 1023, 1023, 1023 
 25925, 1023, 1023, 1023, 1023, 1023 
 25930, 1023, 1023, 1023, 1023, 1023 
 25935, 1023, 1023, 1023, 1023, 1023 
 25940, 1023, 1023, 1023, 1023, 1023 
 25945, 1023, 1023, 1023, 1023, 1023 
 25950, 1023, 1023, 1023, 1023, 1023 
 25955, 1023, 1023, 1023, 1023, 1023 
 25960, 1023, 1023, 1023, 1023, 1023 
 25965, 1023, 1023, 1023, 1022, 1023 
 25970, 1021, 1023, 1023, 1023, 1023 
 25975, 1023, 1023, 1023, 1023, 1023 
 25980, 1023, 1023, 1023, 1023, 1023 
 25985, 1022, 1023, 1023, 1023, 1023 
 25990, 1023, 1023, 1023, 1023, 1023 
 25995, 1023, 1023, 1023, 1023, 1023 
 26000, 1023, 1023, 1023, 1023, 1023 
 26005, 1021, 1023, 1023, 1023, 1023 
 26010, 1023, 1023, 1023, 1023, 1023 
 26015, 1022, 1023, 1022, 1023, 1023 
 26020, 1023, 1023, 1022, 1023, 1023 
 26025, 1023, 1023, 1023, 1023, 1023 
 26030, 1023, 1023, 1023, 1023, 1023 
 26035, 1023, 1023, 1023, 1023, 1023 
 26040, 1023, 1023, 1023, 1023, 1023 
 26045, 1023, 1023, 1023, 1023, 1023 
 26050, 1023, 1023, 1023, 1023, 1023 
 26055, 1023, 1023, 1023, 1023, 1023 
 26060, 1022, 1023, 1023, 1023, 1023 
 26065, 1023, 1023, 1023, 1023, 1023 
 26070, 1023, 1023, 1023, 1023, 1023 
 26075, 1023, 1022, 1023, 1023, 1023 
 26080, 1023, 1023, 1023, 1023, 1023 
 26085, 1023, 1023, 1023, 1023, 1023 
 26090, 1022, 1023, 1023, 1023, 1023 
 26095, 1023, 1023, 1023, 1023, 1023 
 28805, 1022, 1023, 1023, 1023, 1023, 92, 1023 
 28810, 1023, 1023, 1023, 1023, 1023 
 28815, 1023, 1023, 1023, 1023, 1023 
 28820, 1021, 1023, 1023, 1023, 1023 
 28825, 1023, 1023, 1023, 1023, 1023 
 28830, 1023, 1023, 1022, 1023, 1023 
 28835, 1023, 1023, 1023, 1023, 1023 
 28840, 1023, 1022, 1023, 1023, 1023 
 28845, 1023, 1023, 1023, 1023, 1023 
 28850, 1023, 1023, 1023, 1023, 1023 
 28855, 1023, 1023, 1023, 1023, 1023 
 28860, 1023, 1022, 1023, 1023, 1021 
 28865, 1023, 1023, 1023, 1023, 1023 
 28870, 1021, 1023, 1023, 1023, 1022 
 28875, 1023, 1023, 1023, 1023, 1023 
 28880, 1023, 1023, 1023, 1023, 1023 
 28885, 1023, 1023, 1022, 1023, 1023 
 28890, 1023, 1023, 1023, 1023, 1023 
 28895, 1023, 1023, 1023, 1023, 1023 
 28900, 1023, 1023, 1023, 1023, 1023 
 28905, 1022, 1023, 1023, 1023, 1023 
 28910, 1023, 1023, 1023, 1023, 1023 
 28915, 1023, 1023, 1023, 1023, 1023 
 28920, 1023, 1023, 1023, 1023, 1023 
 28925, 1023, 1023, 1023, 1023, 1023 
 28930, 1023, 1023, 1023, 1023, 1023 
 28935, 1023, 1023, 1023, 1023, 1023 
 28940, 1023, 1023, 1023, 1023, 1023 
 28945, 1023, 1023, 1023, 1023, 1023 
 28950, 1023, 1023, 1023, 1023, 1023 
 28955, 1021, 1023, 1023, 1023, 1023 
 28960, 1023, 1023, 1023, 1023, 1023 
 28965, 1023, 1023, 1023, 1023, 1023 
 28970, 1023, 1023, 1023, 1023, 1023 
 28975, 1023, 1023, 1023, 1023, 1023 
 28980, 1023, 1023, 1023, 1023, 1023 
 28985, 1023, 1023, 1023, 1023, 1023 
 28990, 1023, 1023, 1023, 1023, 1023 
 28995, 1023, 1023, 1023, 1023, 1023 
 29000, 1023, 1023, 1023, 1023, 1023 
 29005, 1023, 1023, 1023, 1023, 1023 
 29010, 1023, 1023, 1023, 1023, 1023 
 29015, 1023, 1023, 1023, 1023, 1023 
 29020, 1023, 1023, 1023, 1023, 1023 
 29025, 1021, 1023, 1023, 1023, 1023 
 29030, 1023, 1023, 1023, 1023, 1023 
 29035, 1023, 1023, 1023, 1023, 1023 
 29040, 1023, 1023, 1023, 1023, 1023 
 29045, 1023, 1023, 1023, 1023, 1023 
 29050, 1023, 1023, 1023, 1023, 1023 
 29055, 1023, 1023, 1023, 1023, 1023 
 29060, 1023, 1023, 1023, 1023, 1023 
 29065, 1023, 1023, 1023, 1023, 1023 
 29070, 1023, 1023, 1023, 1023, 1023 
 29075, 1023, 1023, 1023, 1023, 1023 
 29080, 1023, 1023, 1023, 1023, 1023 
 29085, 1023, 1023, 1023, 1023, 1023 
 29090, 1023, 1023, 1023, 1023, 1023 
 29095, 1023, 1023, 1023, 1023, 1023 
 29100, 1023, 1023, 1023, 1023, 1022, 93, 1023 
 29105, 1023, 1023, 1023, 1023, 1023 
 29110, 1023, 1023, 1023, 1023, 1023 
 29115, 1023, 1023, 1023, 1023, 1023 
 29120, 1021, 1023, 1023, 1023, 1023 
 29125, 1023, 1023, 1023, 1023, 1023 
 29130, 1023, 1023, 1023, 1023, 1023 
 29135, 1023, 1023, 1023, 1023, 1023 
 29140, 1023, 1023, 1023, 1023, 1023 
 29145, 1023, 1023, 1023, 1023, 1023 
 29150, 1023, 1023, 1023, 1023, 1023 
 29155, 1023, 1023, 1023, 1023, 1023 
 29160, 1022, 1023, 1023, 1023, 1023 
 29165, 1023, 1023, 1023, 1023, 1023 
 29170, 1023, 1023, 1023, 1023, 1023 
 29175, 1023, 1023, 1023, 1023, 1023 
 29180, 1023, 1023, 1023, 1023, 1023 
 29185, 1023, 1023, 1023, 1023, 1023 
 29190, 1023, 1023, 1023, 1023, 1023 
 29195, 1023, 1023, 1023, 1023, 1023 
 29200, 1023, 1023, 1023, 1023, 1023 
 29205, 1023, 1023, 1023, 1023, 1023 
 29210, 1023, 1023, 1023, 1023, 1023 
 29215, 1023, 1023, 1023, 1023, 1023 
 29220, 1023, 1023, 1023, 1023, 1023 
 29225, 1023, 1023, 1023, 1023, 1023 
 29230, 1023, 1023, 1023, 1023, 1023 
 29235, 1023, 1023, 1023, 1023, 1023 
 29240, 1023, 1023, 1023, 1023, 1023 
 29245, 1023, 1023, 1023, 1023, 1023 
 29250, 1023, 1023, 1023, 1023, 1023 
 29255, 1023, 1023, 1023, 1023, 1023 
 29260, 1023, 1023, 1023, 1023, 1023 
 29265, 1023, 1023, 1023, 1023, 1023 
 29270, 1023, 1023, 1023, 1023, 1023 
 29275, 1023, 1023, 1023, 1023, 1023 
 29280, 1023, 1023, 1023, 1023, 1023 
 29285, 1023, 1023, 1023, 1023, 1023 
 29290, 1023, 1023, 1023, 1023, 1023 
 29295, 1023, 1023, 1023, 1023, 1023 
 29300, 1023, 1023, 1023, 1023, 1023 
 29305, 1023, 1023, 1023, 1023, 1023 
 29310, 1023, 1023, 1023, 1023, 1023 
 29315, 1023, 1023, 1023, 1023, 1023 
 29320, 1022, 1023, 1023, 1023, 1023 
 29325, 1023, 1023, 1023, 1023, 1023 
 29330, 1023, 1023, 1023, 1023, 1023 
 29335, 1021, 1023, 1023, 1023, 1023 
 29340, 1023, 1023, 1023, 1023, 1023 
 29345, 1023, 1023, 1023, 1023, 1022 
 29350, 1021, 1023, 1023, 1023, 1023 
 29355, 1023, 1023, 1023, 1023, 1023 
 29360, 1023, 1023, 1023, 1023, 1023 
 29365, 1023, 1023, 1023, 1023, 1023 
 29370, 1023, 1023, 1023, 1023, 1023 
 29375, 1023, 1023, 1023, 1023, 1023 
 29380, 1023, 1023, 1023, 1023, 1023 
 29385, 1023, 1023, 1023, 1023, 1023 
 29390, 1023, 1023, 1023, 1023, 1023 
 29395, 1023, 1023, 1023, 1023, 1023 
 29400, 1023, 1023, 1023, 1023, 1023, 92, 1023 
 29405, 1023, 1023, 1023, 1023, 1023 
 29410, 1023, 1023, 1023, 1023, 1023 
 29415, 1023, 1023, 1023, 1023, 1023 
 29420, 1023, 1023, 1023, 1023, 1023 
 29425, 1021, 1023, 1023, 1023, 1023 
 29430, 1023, 1023, 1023, 1023, 1023 
 29435, 1023, 1022, 1023, 1023, 1023 
 29440, 1022, 1023, 1023, 1023, 1023 
 29445, 1023, 1022, 1023, 1023, 1023 
 29450, 1023, 1023, 1023, 1023, 1023 
 29455, 1023, 1023, 1023, 1023, 1023 
 29460, 1023, 1023, 1023, 1023, 1023 
 29465, 1023, 1023, 1023, 1023, 1023 
 29470, 1023, 1023, 1023, 1023, 1023 
 29475, 1023, 1023, 1023, 1023, 1023 
 29480, 1023, 1023, 1023, 1023, 1023 
 29485, 1023, 1023, 1023, 1023, 1023 
 29490, 1023, 1023, 1023, 1023, 1023 
 29495, 1023, 1023, 1023, 1023, 1023 
 29500, 1023, 1023, 1023, 1023, 1023 
 29505, 1023, 1023, 1023, 1023, 1023 
 29510, 1023, 1023, 1023, 1023, 1023 
 29515, 1023, 1023, 1023, 1023, 1023 
 29520, 1023, 1023, 1023, 1023, 1023 
 29525, 1023, 1023, 1023, 1023, 1023 
 29530, 1023, 1023, 1021, 1023, 1023 
 29535, 1023, 1023, 1023, 1023, 1023 
 29540, 1023, 1023, 1023, 1023, 1023 
 29545, 1023, 1023, 1023, 1023, 1023 
 29550, 1023, 1023, 1023, 1023, 1023 
 29555, 1023, 1023, 1023, 1023, 1023 
 29560, 1023, 1023, 1023, 1023, 1023 
 29565, 1023, 1023, 1023, 1023, 1023 
 29570, 1023, 1023, 1022, 1023, 1023 
 29575, 1023, 1023, 1023, 1023, 1023 
 29580, 1023, 1023, 1023, 1023, 1023 
 29585, 1023, 1023, 1023, 1023, 1023 
 29590, 1023, 1023, 1023, 1023, 1023 
 29595, 1023, 1023, 1023, 1023, 1023 
 29600, 1023, 1023, 1023, 1023, 1023 
 29605, 1023, 1023, 1023, 1023, 1023 
 29610, 1023, 1023, 1023, 1023, 1023 
 29615, 1023, 1023, 1023, 1023, 1023 
 29620, 1023, 1023, 1023, 1023, 1023 
 29625, 1023, 1023, 1023, 1023, 1023 
 29630, 1023, 1023, 1023, 1023, 1023 
 29635, 1023, 1023, 1023, 1023, 1023 
 29640, 1023, 1023, 1023, 1023, 1023 
 29645, 1023, 1023, 1022, 1023, 1023 
 29650, 1023, 1023, 1023, 1023, 1023 
 29655, 1023, 1023, 1023, 1022, 1023 
 29660, 1023, 1023, 1023, 1023, 1023 
 29665, 1023, 1023, 1023, 1023, 1023 
 29670, 1023, 1023, 1023, 1023, 1023 
 29675, 1023, 1023, 1023, 1023, 1023 
 29680, 1023, 1023, 1023, 1023, 1023 
 29685, 1023, 1023, 1023, 1023, 1023 
 29690, 1023, 1023, 1023, 1023, 1023 
 29695, 1023, 1023, 1023, 1023, 1023 
 32405, 1023, 1023, 1023, 1023, 1023, 91, 1023 
 32410, 1023, 1023, 1023, 1023, 1023 
 32415, 1023, 1023, 1023, 1023, 1023 
 32420, 1023, 1023, 1023, 1023, 1023 
 32425, 1023, 1023, 1023, 1023, 1023 
 32430, 1023, 1023, 1023, 1023, 1023 
 32435, 1023, 1023, 1023, 1023, 1023 
 32440, 1023, 1023, 1023, 1023, 1023 
 32445, 1023, 1023, 1023, 1023, 1023 
 32450, 1023, 1023, 1023, 1023, 1023 
 32455, 1023, 1023, 1023, 1023, 1023 
 32460, 1023, 1023, 1023, 1023, 1023 
 32465, 1023, 1023, 1023, 1023, 1023 
 32470, 1023, 1023, 1023, 1023, 1023 
 32475, 1023, 1023, 1023, 1023, 1023 
 32480, 1023, 1023, 1023, 1023, 1023 
 32485, 1023, 1023, 1023, 1023, 1023 
 32490, 1023, 1023, 1023, 1023, 1023 
 32495, 1023, 1023, 1023, 1023, 1023 
 32500, 1023, 1023, 1023, 1023, 1023 
 32505, 1023, 1023, 1023, 1023, 1022 
 32510, 1023, 1022, 1023, 1023, 1023 
 32515, 1023, 1023, 1023, 1023, 1023 
 32520, 1023, 1023, 1023, 1023, 1023 
 32525, 1023, 1023, 1023, 1023, 1023 
 32530, 1023, 1023, 1023, 1023, 1023 
 32535, 1023, 1023, 1023, 1023, 1023 
 32540, 1023, 1023, 1023, 1022, 1023 
 32545, 1023, 1023, 1023, 1023, 1023 
 32550, 1023, 1023, 1023, 1023, 1023 
 32555, 1023, 1023, 1023, 1023, 1023 
 32560, 1023, 1023, 1023, 1023, 1023 
 32565, 1023, 1023, 1023, 1023, 1023 
 32570, 1023, 1023, 1023, 1023, 1023 
 32575, 1023, 1023, 1023, 1023, 1023 
 32580, 1023, 1023, 1023, 1023, 1023 
 32585, 1023, 1023, 1023, 1023, 1023 
 32590, 1023, 1023, 1023, 1023, 1023 
 32595, 1023, 1023, 1023, 1023, 1023 
 32600, 1023, 1023, 1023, 1023, 1023 
 32605, 1023, 1023, 1023, 1023, 1023 
 32610, 1023, 1023, 1023, 1023, 1023 
 32615, 1023, 1023, 1023, 1023, 1023 
 32620, 1021, 1023, 1023, 1023, 1023 
 32625, 1023, 1023, 1023, 1023, 1023 
 32630, 1023, 1023, 1023, 1023, 1023 
 32635, 1023, 1023, 1023, 1023, 1023 
 32640, 1023, 1023, 1023, 1023, 1023 
 32645, 1023, 1023, 1023, 1023, 1023 
 32650, 1022, 1023, 1023, 1023, 1023 
 32655, 1023, 1023, 1023, 1023, 1023 
 32660, 1023, 1023, 1023, 1023, 1023 
 32665, 1023, 1023, 1023, 1023, 1023 
 32670, 1023, 1023, 1022, 1023, 1023 
 32675, 1023, 1023, 1023, 1023, 1023 
 32680, 1023, 1023, 1023, 1023, 1023 
 32685, 1023, 1023, 1023, 1023, 1023 
 32690, 1023, 1023, 1023, 1023, 1022 
 32695, 1023, 1023, 1023, 1023, 1023 
 32700, 1023, 1023, 1023, 1023, 1023, 93, 1023 
 32705, 1023, 1023, 1023, 1023, 1023 
 32710, 1023, 1023, 1023, 1023, 1023 
 32715, 1023, 1023, 1023, 1023, 1023 
 32720, 1023, 1023, 1023, 1023, 1023 
 32725, 1023, 1023, 1023, 1023, 1023 
 32730, 1023, 1023, 1023, 1023, 1023 
 32735, 1023, 1023, 1023, 1023, 1023 
 32740, 1023, 1023, 1023, 1023, 1023 
 32745, 1023, 1023, 1023, 1023, 1023 
 32750, 1023, 1023, 1023, 1023, 1023 
 32755, 1023, 1023, 1023, 1023, 1023 
 32760, 1023, 1023, 1023, 1023, 1023 
 32765, 1023, 1023, 1023, 1023, 1023 
 32770, 1023, 1023, 1023, 1023, 1023 
 32775, 1023, 1023, 1023, 1023, 1023 
 32780, 1023, 1023, 1023, 1023, 1022 
 32785, 1023, 1023, 1023, 1023, 1023 
 32790, 1022, 1022, 1023, 1023, 1023 
 32795, 1023, 1021, 1022, 1023, 1023 
 32800, 1023, 1023, 1023, 1023, 1023 
 32805, 1023, 1023, 1023, 1023, 1023 
 32810, 1023, 1022, 1023, 1023, 1023 
 32815, 1023, 1023, 1023, 1023, 1023 
 32820, 1023, 1023, 1022, 1023, 1023 
 32825, 1023, 1023, 1023, 1023, 1022 
 32830, 1023, 1023, 1023, 1023, 1023 
 32835, 1023, 1023, 1023, 1023, 1023 
 32840, 1023, 1023, 1023, 1023, 1023 
 32845, 1023, 1023, 1023, 1023, 1023 
 32850, 1023, 1023, 1023, 1023, 1023 
 32855, 1023, 1023, 1023, 1023, 1023 
 32860, 1023, 1023, 1023, 1023, 1023 
 32865, 1021, 1023, 1023, 1023, 1023 
 32870, 1023, 1023, 1023, 1023, 1023 
 32875, 1023, 1023, 1022, 1023, 1023 
 32880, 1023, 1023, 1023, 1023, 1023 
 32885, 1023, 1023, 1023, 1023, 1023 
 32890, 1021, 1023, 1023, 1023, 1022 
 32895, 1023, 1023, 1023, 1023, 1023 
 32900, 1023, 1023, 1023, 1023, 1023 
 32905, 1023, 1023, 1023, 1023, 1023 
 32910, 1023, 1023, 1023, 1023, 1023 
 32915, 1023, 1023, 1023, 1023, 1023 
 32920, 1023, 1023, 1023, 1022, 1023 
 32925, 1023, 1023, 1023, 1023, 1023 
 32930, 1023, 1023, 1023, 1023, 1022 
 32935, 1023, 1023, 1023, 1023, 1023 
 32940, 1023, 1023, 1023, 1023, 1023 
 32945, 1023, 1023, 1023, 1023, 1023 
 32950, 1023, 1023, 1023, 1023, 1023 
 32955, 1023, 1023, 1023, 1023, 1023 
 32960, 1023, 1023, 1023, 1023, 1023 
 32965, 1023, 1023, 1023, 1023, 1023 
 32970, 1023, 1023, 1023, 1023, 1023 
 32975, 1023, 1023, 1021, 1023, 1023 
 32980, 1023, 1023, 1023, 1022, 1023 
 32985, 1023, 1023, 1023, 1023, 1023 
 32990, 1023, 1023, 1023, 1023, 1023 
 32995, 1023, 1023, 1023, 1023, 1023 
 33000, 1023, 1023, 1023, 1023, 1023, 93, 1023 
 33005, 1022, 1023, 1023, 1023, 1023 
 33010, 1023, 1023, 1023, 1023, 1023 
 33015, 1023, 1023, 1023, 1023, 1023 
 33020, 1023, 1023, 1023, 1023, 1023 
 33025, 1023, 1023, 1023, 1023, 1023 
 33030, 1023, 1023, 1023, 1023, 1023 
 33035, 1023, 1023, 1023, 1023, 1023 
 33040, 1023, 1022, 1023, 1023, 1023 
 33045, 1023, 1023, 1023, 1023, 1023 
 33050, 1023, 1023, 1023, 1023, 1023 
 33055, 1023, 1023, 1023, 1023, 1023 
 33060, 1023, 1023, 1023, 1023, 1023 
 33065, 1023, 1023, 1023, 1023, 1023 
 33070, 1023, 1023, 1023, 1023, 1023 
 33075, 1023, 1023, 1023, 1023, 1023 
 33080, 1021, 1023, 1023, 1023, 1023 
 33085, 1023, 1023, 1023, 1023, 1023 
 33090, 1023, 1023, 1023, 1023, 1023 
 33095, 1023, 1023, 1023, 1023, 1023 
 33100, 1023, 1023, 1023, 1023, 1023 
 33105, 1023, 1023, 1023, 1023, 1023 
 33110, 1023, 1023, 1023, 1023, 1023 
 33115, 1023, 1023, 1023, 1023, 1023 
 33120, 1023, 1023, 1023, 1023, 1023 
 33125, 1023, 1023, 1023, 1023, 1023 
 33130, 1023, 1023, 1023, 1023, 1023 
 33135, 1023, 1023, 1023, 1023, 1023 
 33140, 1023, 1023, 1023, 1023, 1023 
 33145, 1023, 1023, 1022, 1023, 1023 
 33150, 1023, 1023, 1023, 1023, 1023 
 33155, 1023, 1023, 1023, 1023, 1023 
 33160, 1023, 1023, 1023, 1023, 1023 
 33165, 1023, 1023, 1023, 1023, 1023 
 33170, 1023, 1023, 1023, 1023, 1023 
 33175, 1023, 1023, 1023, 1023, 1023 
 33180, 1023, 1023, 1023, 1023, 1023 
 33185, 1023, 1023, 1023, 1023, 1023 
 33190, 1023, 1023, 1023, 1023, 1023 
 33195, 1023, 1023, 1023, 1023, 1023 
 33200, 1023, 1023, 1023, 1023, 1023 
 33205, 1023, 1023, 1023, 1023, 1023 
 33210, 1023, 1023, 1023, 1023, 1023 
 33215, 1023, 1023, 1023, 1023, 1023 
 33220, 1023, 1023, 1023, 1023, 1023 
 33225, 1022, 1023, 1023, 1023, 1023 
 33230, 1023, 1023, 1023, 1023, 1023 
 33235, 1023, 1023, 1023, 1023, 1023 
 33240, 1023, 1023, 1023, 1022, 1023 
 33245, 1023, 1023, 1023, 1023, 1023 
 33250, 1023, 1023, 1023, 1022, 1023 
 33255, 1023, 1023, 1023, 1023, 1023 
 33260, 1023, 1023, 1023, 1023, 1023 
 33265, 1023, 1023, 1023, 1023, 1023 
 33270, 1023, 1023, 1023, 1023, 1023 
 33275, 1023, 1023, 1023, 1023, 1023 
 33280, 1023, 1023, 1023, 1023, 1023 
 33285, 1023, 1023, 1023, 1023, 1023 
 33290, 1023, 1023, 1023, 1023, 1023 
 33295, 1023, 1023, 1023, 1023, 1023 
 36005, 1023, 1023, 1023, 1023, 1023, 91, 1023 
 36010, 1023, 1023, 1022, 1023, 1023 
 36015, 1023, 1023, 1023, 1023, 1023 
 36020, 1023, 1023, 1023, 1023, 1023 
 36025, 1023, 1023, 1023, 1023, 1023 
 36030, 1023, 1023, 1023, 1022, 1023 
 36035, 1023, 1023, 1023, 1023, 1023 
 36040, 1023, 1023, 1023, 1023, 1023 
 36045, 1023, 1023, 1023, 1023, 1023 
 36050, 1023, 1023, 1023, 1023, 1023 
 36055, 1023, 1023, 1023, 1023, 1023 
 36060, 1023, 1023, 1023, 1023, 1023 
 36065, 1022, 1021, 1023, 1023, 1023 
 36070, 1023, 1023, 1023, 1023, 1023 
 36075, 1023, 1023, 1023, 1023, 1023 
 36080, 1023, 1023, 1023, 1023, 1023 
 36085, 1023, 1023, 1023, 1023, 1023 
 36090, 1023, 1023, 1023, 1023, 1023 
 36095, 1023, 1023, 1023, 1023, 1023 
 36100, 1023, 1023, 1023, 1023, 1023 
 36105, 1023, 1023, 1023, 1023, 1023 
 36110, 1023, 1023, 1023, 1023, 1023 
 36115, 1023, 1023, 1023, 1023, 1023 
 36120, 1023, 1022, 1023, 1023, 1023 
 36125, 1023, 1023, 1023, 1023, 1023 
 36130, 1023, 1023, 1023, 1023, 1023 
 36135, 1023, 1023, 1023, 1022, 1023 
 36140, 1023, 1023, 1023, 1023, 1023 
 36145, 1023, 1023, 1023, 1023, 1023 
 36150, 1023, 1023, 1023, 1023, 1023 
 36155, 1023, 1023, 1023, 1023, 1023 
 36160, 1023, 1023, 1023, 1023, 1023 
 36165, 1023, 1023, 1023, 1023, 1023 
 36170, 1023, 1023, 1023, 1023, 1023 
 36175, 1023, 1023, 1023, 1023, 1023 
 36180, 1023, 1023, 1023, 1023, 1023 
 36185, 1023, 1023, 1023, 1023, 1023 
 36190, 1023, 1023, 1023, 1023, 1023 
 36195, 1023, 1023, 1023, 1023, 1023 
 36200, 1023, 1023, 1023, 1023, 1023 
 36205, 1022, 1023, 1023, 1023, 1023 
 36210, 1023, 1023, 1023, 1023, 1023 
 36215, 1023, 1023, 1023, 1023, 1023 
 36220, 1023, 1023, 1023, 1023, 1023 
 36225, 1022, 1023, 1023, 1023, 1023 
 36230, 1023, 1023, 1023, 1023, 1023 
 36235, 1023, 1023, 1023, 1023, 1023 
 36240, 1023, 1023, 1023, 1023, 1023 
 36245, 1023, 1023, 1023, 1023, 1023 
 36250, 1023, 1023, 1023, 1023, 1023 
 36255, 1023, 1023, 1023, 1023, 1023 
 36260, 1023, 1023, 1023, 1023, 1023 
 36265, 1023, 1023, 1023, 1023, 1023 
 36270, 1023, 1023, 1023, 1023, 1023 
 36275, 1021, 1022, 1023, 1023, 1023 
 36280, 1023, 1023, 1023, 1023, 1023 
 36285, 1021, 1023, 1023, 1023, 1023 
 36290, 1022, 1023, 1023, 1023, 1023 
 36295, 1022, 1023, 1023, 1023, 1023 
 36300, 1023, 1023, 1023, 1023, 1023, 91, 1023 
 36305, 1023, 1023, 1023, 1023, 1023 
 36310, 1023, 1023, 1023, 1023, 1023 
 36315, 1023, 1023, 1023, 1021, 1023 
 36320, 1023, 1023, 1023, 1023, 1023 
 36325, 1023, 1022, 1023, 1023, 1023 
 36330, 1023, 1023, 1023, 1023, 1023 
 36335, 1023, 1023, 1023, 1023, 1023 
 36340, 1023, 1023, 1023, 1023, 1023 
 36345, 1022, 1023, 1022, 1023, 1023 
 36350, 1023, 1023, 1023, 1023, 1023 
 36355, 1023, 1023, 1023, 1023, 1023 
 36360, 1023, 1023, 1023, 1023, 1023 
 36365, 1023, 1023, 1023, 1023, 1023 
 36370, 1023, 1023, 1023, 1023, 1023 
 36375, 1023, 1023, 1023, 1023, 1022 
 36380, 1023, 1023, 1023, 1021, 1023 
 36385, 1023, 1023, 1023, 1023, 1023 
 36390, 1023, 1022, 1023, 1023, 1022 
 36395, 1023, 1023, 1023, 1023, 1023 
 36400, 1023, 1023, 1023, 1023, 1023 
 36405, 1023, 1023, 1023, 1023, 1023 
 36410, 1023, 1023, 1023, 1023, 1023 
 36415, 1023, 1023, 1023, 1023, 1023 
 36420, 1023, 1023, 1023, 1023, 1023 
 36425, 1023, 1023, 1023, 1023, 1023 
 36430, 1023, 1023, 1023, 1023, 1023 
 36435, 1022, 1023, 1023, 1023, 1023 
 36440, 1023, 1023, 1023, 1023, 1023 
 36445, 1023, 1023, 1023, 1023, 1023 
 36450, 1021, 1023, 1023, 1023, 1023 
 36455, 1023, 1023, 1023, 1023, 1023 
 36460, 1023, 1023, 1023, 1023, 1023 
 36465, 1023, 1023, 1023, 1023, 1023 
 36470, 1023, 1023, 1023, 1023, 1023 
 36475, 1023, 1023, 1023, 1023, 1023 
 36480, 1023, 1022, 1023, 1023, 1023 
 36485, 1023, 1023, 1023, 1021, 1023 
 36490, 1023, 1023, 1023, 1021, 1023 
 36495, 1023, 1023, 1023, 1023, 1023 
 36500, 1023, 1023, 1023, 1023, 1022 
 36505, 1023, 1023, 1023, 1023, 1023 
 36510, 1023, 1023, 1023, 1023, 1023 
 36515, 1023, 1023, 1023, 1023, 1023 
 36520, 1023, 1023, 1023, 1023, 1023 
 36525, 1023, 1023, 1023, 1023, 1023 
 36530, 1023, 1023, 1023, 1023, 1023 
 36535, 1023, 1023, 1023, 1023, 1023 
 36540, 1023, 1023, 1023, 1023, 1023 
 36545, 1023, 1023, 1023, 1023, 1023 
 36550, 1023, 1023, 1023, 1023, 1023 
 36555, 1023, 1023, 1023, 1022, 1023 
 36560, 1023, 1023, 1023, 1023, 1023 
 36565, 1023, 1023, 1023, 1023, 1023 
 36570, 1023, 1023, 1023, 1023, 1023 
 36575, 1023, 1023, 1023, 1023, 1023 
 36580, 1023, 1023, 1022, 1023, 1023 
 36585, 1023, 1023, 1023, 1023, 1023 
 36590, 1023, 1023, 1022, 1022, 1023 
 36595, 1023, 1023, 1023, 1023, 1023 
 36600, 1023, 1023, 1023, 1023, 1023, 90, 1023 
 36605, 1023, 1023, 1023, 1023, 1023 
 36610, 1023, 1023, 1022, 1023, 1023 
 36615, 1023, 1023, 1023, 1023, 1023 
 36620, 1022, 1023, 1023, 1022, 1023 
 36625, 1023, 1023, 1023, 1023, 1023 
 36630, 1023, 1023, 1023, 1023, 1023 
 36635, 1023, 1023, 1023, 1023, 1023 
 36640, 1021, 1023, 1023, 1023, 1023 
 36645, 1023, 1023, 1023, 1023, 1023 
 36650, 1022, 1023, 1023, 1023, 1023 
 36655, 1023, 1023, 1023, 1023, 1023 
 36660, 1023, 1023, 1023, 1023, 1023 
 36665, 1023, 1023, 1023, 1023, 1023 
 36670, 1023, 1023, 1023, 1023, 1023 
 36675, 1023, 1023, 1023, 1023, 1023 
 36680, 1023, 1023, 1023, 1023, 1023 
 36685, 1023, 1023, 1023, 1023, 1023 
 36690, 1023, 1023, 1023, 1023, 1023 
 36695, 1023, 1022, 1023, 1023, 1023 
 36700, 1023, 1023, 1023, 1023, 1023 
 36705, 1023, 1023, 1023, 1023, 1022 
 36710, 1023, 1023, 1023, 1023, 1023 
 36715, 1022, 1023, 1023, 1023, 1023 
 36720, 1023, 1023, 1023, 1023, 1023 
 36725, 1021, 1022, 1023, 1023, 1023 
 36730, 1023, 1023, 1023, 1023, 1023 
 36735, 1023, 1023, 1023, 1023, 1023 
 36740, 1023, 1023, 1023, 1023, 1023 
 36745, 1023, 1023, 1023, 1023, 1023 
 36750, 1022, 1023, 1023, 1023, 1023 
 36755, 1023, 1023, 1023, 1023, 1023 
 36760, 1023, 1023, 1023, 1022, 1023 
 36765, 1023, 1023, 1022, 1023, 1023 
 36770, 1022, 1023, 1023, 1023, 1023 
 36775, 1023, 1022, 1023, 1023, 1023 
 36780, 1023, 1023, 1023, 1023, 1023 
 36785, 1023, 1023, 1023, 1023, 1023 
 36790, 1023, 1023, 1023, 1023, 1023 
 36795, 1023, 1023, 1023, 1023, 1023 
 36800, 1023, 1023, 1021, 1023, 1023 
 36805, 1023, 1023, 1023, 1023, 1023 
 36810, 1023, 1023, 1023, 1023, 1023 
 36815, 1023, 1023, 1023, 1023, 1023 
 36820, 1023, 1023, 1023, 1023, 1023 
 36825, 1023, 1023, 1023, 1023, 1023 
 36830, 1023, 1023, 1023, 1023, 1023 
 36835, 1023, 1023, 1023, 1023, 1023 
 36840, 1023, 1023, 1023, 1023, 1023 
 36845, 1022, 1023, 1023, 1023, 1023 
 36850, 1023, 1023, 1022, 1023, 1023 
 36855, 1023, 1023, 1023, 1023, 1023 
 36860, 1023, 1023, 1023, 1023, 1023 
 36865, 1023, 1023, 1023, 1023, 1023 
 36870, 1023, 1023, 1023, 1023, 1023 
 36875, 1023, 1023, 1023, 1023, 1023 
 36880, 1023, 1023, 1023, 1023, 1023 
 36885, 1023, 1023, 1023, 1022, 1022 
 36890, 1023, 1023, 1023, 1023, 1023 
 36895, 1023, 1023, 1023, 1023, 1023 
